,Trip ID,Id,Trip Seconds,Trip Miles,seriesDuration,parallelDuration,trafficDuration,seriesLength,parallelLength,trafficLength,seriesDelta,parallelDelta,trafficDelta
0,3e4087b9c6aa4c8fde67006a015dd25a41467c6c,taxi_0,300,0,367,372,367,1.521274083,1.521274083,1.521274083,-67,-72,-67
1,2d0bb399485e07bd7fed6aa4a19deb426f24f6f3,taxi_1,540,1.2,283,375,491,1.385736482,1.385736482,1.385736482,257,165,49
2,1cc632dd348fcd9ae2b10db17b10723c9cc64c93,taxi_2,337,0.99,261,284,278,1.272100684,1.272100684,1.272100684,76,53,59
3,b7feccc5630fbdad764d1372cd385b1b5b50a732,taxi_3,480,1,296,338,362,1.240832815,1.240832815,1.240832815,184,142,118
4,63feadf057d3ae9a2ad9cd95767165e31a4e0ca8,taxi_4,720,2.4,437,401,434,1.763623369,1.763623369,1.763623369,283,319,286
5,48fc9c6c16a311e81aa9a906e20ed9cdc08b8664,taxi_5,735,2.26,409,519,500,2.04002486,2.04002486,2.04002486,326,216,235
6,d2e156fed73289b53c4cc9bbc2a9d4b65a01906d,taxi_6,861,0.9,380,380,357,1.525655687,1.525655687,1.525655687,481,481,504
7,5bd4f57ebe344f6fb0a386d25759190ed6251ebe,taxi_7,540,0,245,262,229,1.350863891,1.350863891,1.350863891,295,278,311
8,9bcb0439566b84a097ae216ab89c70eb0a1717d0,taxi_8,681,1.93,454,566,475,1.747035426,1.747035426,1.74692977,227,115,206
9,73eeee94fa2f1485fa15252bcc53ad448c5f5bb7,taxi_9,300,0.8,402,279,363,1.346258546,1.346258546,1.346258546,-102,21,-63
10,0b2c9fdd244aeaa7bd248ab8590306f1fbfffc30,taxi_10,616,1.2,259,252,280,1.228104413,1.228104413,1.228104413,357,364,336
11,edf305ddb68a1b3bb4423b5f59e101b93c3441a4,taxi_11,533,1.1,212,180,145,0.775537601,0.775537601,0.775537601,321,353,388
12,46867113c788d5082558e9776449e6092532d10b,taxi_12,978,3.3,718,720,810,3.761615911,3.761615911,3.761615911,260,258,168
13,a09c32e3f0094e4730016517eb304f542489e4ff,taxi_13,240,0,370,354,395,1.563461778,1.563461778,1.563461778,-130,-114,-155
14,ee4948686d74e698c7b7e5a32781b7f39c98cb30,taxi_14,467,1.52,258,300,496,1.802144189,1.802144189,1.802144189,209,167,-29
15,d5fc94748179a24df2f32b2dbba5eecbe8c1a805,taxi_15,240,0.6,330,315,273,1.429123679,1.429123679,1.429123679,-90,-75,-33
16,1c4cc05289dd975f411569bfd5c30ac78f589c6b,taxi_16,240,0,371,314,381,1.429123679,1.429123679,1.429123679,-131,-74,-141
17,47360eb15b7fcccd4732507493cb60e78b3f631d,taxi_17,240,0.8,219,196,203,0.969919204,0.969919204,0.969919204,21,44,37
18,25f4f1ac5ed3710e7c87852fce48eaeef2eea43e,taxi_18,555,2,358,394,383,1.72077688,1.647917961,1.647917961,197,161,172
19,af45ad03a0408a5c7eeeef9f1d07430c6ce5501d,taxi_19,240,0.6,267,272,330,1.346258546,1.346258546,1.346258546,-27,-32,-90
20,d7d1f3d5e3204b2812eb1e6a2b3eebd45efdb239,taxi_20,420,1.5,320,311,331,1.654984462,1.654984462,1.65995028,100,109,89
21,9b45629f89de0c30ad8f8b213d4219e30798abfb,taxi_21,480,1.3,383,381,442,1.577153511,1.577153511,1.577153511,97,99,38
22,e3515d777fb356890a46341075db7fdbbff85c35,taxi_22,864,2.33,467,429,429,1.863244251,1.863244251,1.863244251,397,435,435
23,92d9a0e617f76e4b021df3a3dee2d807e23a6594,taxi_23,526,1.6,214,217,248,1.675991299,1.675991299,1.675991299,312,309,278
24,455981b25beda807d9c68750df697e06d3d69240,taxi_24,855,1.4,337,330,254,1.240832815,1.240832815,1.240832815,518,525,601
25,0f1b89546a9de26ddc150a247ac341c5e1fc223c,taxi_25,273,0.7,115,86,114,0.48849596,0.48849596,0.48849596,158,187,159
26,ad7198d61dfb7d7308be2ee2accfd23fbd439d4e,taxi_26,216,0.5,141,217,145,0.764170292,0.764170292,0.764170292,75,-1,71
27,dfea34e3b2b1919d5aadd53b76bb407f219949cc,taxi_27,900,2.4,771,716,748,3.170807955,3.170807955,3.170807955,129,184,152
28,5db0844876e99e9e9d8f0528ead5232bf16ccef2,taxi_28,600,1.8,364,411,415,2.499372281,2.499372281,2.499372281,236,189,185
29,d486dba58129ac4e54019c2841cec46fa142a89a,taxi_29,720,1.7,337,392,339,1.647917961,1.647917961,1.656239901,383,328,381
30,6b452a8c857cc2ef9c08f242a0172193e4e05bcb,taxi_30,600,1.7,260,216,222,1.675991299,1.675991299,1.675991299,340,384,378
31,5934898a9a51c16d7aa69fa6d9eb436f2c660a76,taxi_31,300,0.9,224,241,221,1.073536358,1.073536358,1.073766314,76,59,79
32,49ca40aa42a28ecadd7155f7ec0e7883e13d621b,taxi_32,360,0.8,125,109,151,0.726072094,0.726072094,0.726072094,235,251,209
33,bcefef1db97e0595be3a462b5fd79a1b74d68ef9,taxi_33,780,1.7,402,390,407,1.991702921,1.991702921,1.991702921,378,390,373
34,ad47ff58c6dc3749a7c4b13f76f9bfb8281a0ad9,taxi_34,540,2.1,629,582,546,3.062877564,3.062877564,2.999080174,-89,-42,-6
35,18a40bf0021d18445cd45af019218f91c663c8f8,taxi_35,480,1.1,245,249,293,1.350863891,1.350863891,1.350863891,235,231,187
36,60d9a36300bfde367bbcc5304da7f5d623e3c7fa,taxi_36,447,0.88,282,265,243,1.498253574,1.498253574,1.498253574,165,182,204
37,1f44bf76d56a91288c7ccb8016d4c8ec548d6127,taxi_37,443,0.91,287,313,342,1.419776259,1.419776259,1.392075823,156,130,101
38,98c83fec5b51b97737a132cabc2b7f97cf60c0fd,taxi_38,180,0,102,207,159,0.764170292,0.764170292,0.764170292,78,-27,21
39,99d53e4b813bf1d63c85446de87e264c8eedb264,taxi_39,366,0.8,110,185,142,0.675407085,0.675407085,0.675407085,256,181,224
40,ac89ac018af3a5ca8fc64055256aec264cf33445,taxi_40,780,4.6,1011,889,4926,4.354860162,4.354860162,4.334008701,-231,-109,-4146
41,1179a02cfeda48db508baf41748a78d4b7b36f40,taxi_41,600,1.3,327,351,431,1.567650715,1.567650715,1.56765693,273,249,169
42,7db9ef9f79da7681135465f02d8d02a069d62267,taxi_42,306,0.76,139,138,128,0.726072094,0.726072094,0.726072094,167,168,178
43,924ae9fb814c89f67a89140bb5629e5edb61ad0b,taxi_43,328,1.21,142,129,125,0.901423244,0.901423244,0.901423244,186,199,203
44,0a1f66e7360ecf49eb001fe0240be5bbf9de7aa8,taxi_44,600,0.7,264,187,202,0.804108142,0.804108142,0.804108142,336,413,398
45,c6ebaf4f8dc2f0648d8cdd3b8a7fbb6c0fdb3c39,taxi_45,266,1.11,263,265,269,1.843293971,1.843293971,1.843293971,3,1,-3
46,af8a9f37837626f9e6753633ab6c584e0b5db984,taxi_46,360,1.5,264,316,392,1.60993785,1.60993785,1.621379739,96,44,-32
47,19284e40bba765496914c3797524d172d29aafba,taxi_47,600,1.5,210,261,268,1.675991299,1.675991299,1.675991299,390,339,332
48,12684f377b9c389f0691dc3fa8adf27b7076e28f,taxi_48,480,0,387,503,501,2.11379739,2.11379739,2.11379739,93,-23,-21
49,373ce6905fc5f8b85beeea96de00a93c755f7428,taxi_49,360,0,372,407,305,1.712442511,1.712442511,1.715407085,-12,-47,55
50,4c226f7a068f58fd1f54254a85c715859c67eaad,taxi_50,642,2.3,380,404,688,2.499372281,2.499372281,2.507246737,262,238,-46
51,c18e92e0fef2bb817be3ab15eb9382e41ac5f2ae,taxi_51,737,2.14,233,292,229,1.011199503,1.011199503,1.011199503,504,445,508
52,747d665cefeaaecbf94dde144ecf67bfde5a7cee,taxi_52,420,1,302,402,298,1.712442511,1.712442511,1.715407085,118,18,122
53,1d93e1942fc1300dd087032edb130695251a571f,taxi_53,559,1.38,302,283,325,1.565699192,1.565699192,1.565699192,257,276,234
54,bf07417249b08eeec45e87fe23b42417f564cc07,taxi_54,221,0.7,266,296,219,1.011199503,1.011199503,1.011199503,-45,-75,2
55,b3aa305a7c6bcc5c571426d26819b3f052c1df36,taxi_55,120,0.4,287,368,241,1.099366066,1.099366066,1.106252331,-167,-248,-121
56,6be5a4de512cf035ed2c2ecc83b992032ea0c693,taxi_56,393,1.21,282,275,272,1.228104413,1.228104413,1.230323182,111,118,121
57,9a8f06eedd6e08c78d25cc705ba0986c4bc9aced,taxi_57,360,0.9,228,295,195,1.011199503,1.011199503,0.978527035,132,65,165
58,7a80c7a5b5c8c932f20e97478f09cf68571c7a94,taxi_58,180,0.5,118,158,138,0.793517713,0.793517713,0.77926041,62,22,42
59,f7eb0e16c790a30bef8ab46ccbc97ce8a1bed207,taxi_59,480,0,149,211,188,0.675407085,0.675407085,0.675407085,331,269,292
60,867bad5b0c02fd64f5cadf6f9b0e1d9fcbb5bba6,taxi_60,600,0,398,487,287,1.841889372,1.841889372,1.904058421,202,113,313
61,2b48edd2c3ed61d7e5e2358985d7201aa44057cb,taxi_61,1320,1.3,245,353,305,1.234847732,1.234847732,1.234847732,1075,967,1015
62,016ce7dc8d9cc7d874a999dbdfbc6a6f1a6b807c,taxi_62,323,0.7,175,235,245,1.117899316,1.117899316,1.117899316,148,88,78
63,667f80a620c33f2ef7bbe6916924bb4ea7f6c779,taxi_63,580,1.4,267,220,205,1.659651958,1.659651958,1.659651958,313,360,375
64,e8c5b9092f18d90eb3b063d80f9af6107aaa8fea,taxi_64,300,0,151,195,187,0.944592915,0.944592915,0.944592915,149,105,113
65,849d0d0d33c64146ab8d1133ec79c7c0c315b218,taxi_65,593,5.65,769,796,702,4.07468614,4.07468614,4.07468614,-176,-203,-109
66,bd767665dec4a5d002213f4c024fab917c72d2dc,taxi_66,420,0,237,286,232,1.011199503,1.011199503,0.978527035,183,134,188
67,1c5decef659269e760235ac152c25123e3102128,taxi_67,363,0.78,226,285,226,1.011199503,1.011199503,0.981765071,137,78,137
68,3d4f79638897579b635a3d2439e2220be3d3f871,taxi_68,120,0.5,209,171,168,0.928968303,0.928968303,0.930528278,-89,-51,-48
69,b52e260854094797557696c179f1286bebe2e131,taxi_69,300,1,455,384,397,2.159403356,2.159403356,2.157905531,-155,-84,-97
70,9fb0309119c66597e7e2575c2a2ebf6ac41df527,taxi_70,420,0.6,156,191,164,0.944592915,0.944592915,0.944592915,264,229,256
71,cd8ad29d6c2789d1d1e32f71ce19caabd4ada68e,taxi_71,295,1,243,317,316,1.553368552,1.553368552,1.553368552,52,-22,-21
72,a426975502702c297f985dd91b692388d37ff529,taxi_72,420,1.5,402,349,548,2.059714108,2.059714108,2.023113735,18,71,-128
73,721f98d1f6775332059697989a27ae13d915d073,taxi_73,420,0,415,347,473,2.078806712,2.078806712,2.078806712,5,73,-53
74,79716233b016223872ca1226099b4b3cfe6bc218,taxi_74,1680,5.3,657,682,753,5.06461156,5.06461156,5.066556868,1023,998,927
75,c7d96dbfa942d6e3e249ca735efde1f911b92f7b,taxi_75,369,0.64,108,115,145,0.628029832,0.628029832,0.628029832,261,254,224
76,035a14e55b75ed3d709c3b8e39015b7798f1d69c,taxi_76,180,0,106,152,124,1.065898073,1.065898073,1.065898073,74,28,56
77,5d1864431daceb92d49e79f5fcecc21858c9f9d3,taxi_77,385,0.26,152,188,118,1.206022374,1.206022374,1.206022374,233,197,267
78,273b83cae0f69747dd2ee33ab2652944f973f37d,taxi_78,360,0,274,237,265,1.485978869,1.485978869,1.310267247,86,123,95
79,82b430364ca4e6128be11eaa42af640804b69a1a,taxi_79,900,0.1,627,553,564,3.313182101,3.310665009,3.37769422,273,347,336
80,ef7cbcff29435019ed4f77a34f47deb8ffa1c788,taxi_80,660,0.1,456,465,571,2.498663766,2.49542573,2.496146675,204,195,89
81,db2ffff6a7360e1c536786b643cf60f3aa628ad1,taxi_81,1213,4.3,555,615,606,4.451255438,4.451255438,4.454045991,658,598,607
82,a2bfd1c1252c5056ca45cf3f6cbef6d300ff4a2c,taxi_82,900,0,392,345,311,1.234847732,1.234847732,1.234847732,508,555,589
83,f61e538805530a4f027a62cbd75c399bfe657f49,taxi_83,886,2.38,398,398,396,2.041379739,2.041379739,2.041379739,488,488,490
84,a547f5aba96d9451f0dcd7d34ef4dbc5d190f05f,taxi_84,779,1.89,555,637,555,3.097246737,3.076761964,3.076761964,224,142,224
85,397ccb7f13fa55b5dce73936884b08bb5fa4cab4,taxi_85,420,0,223,275,299,1.171087632,1.171087632,1.171087632,197,145,121
86,f852f3d2b5bc590f87efd30d1ab690df4069670d,taxi_86,240,0.8,286,273,201,1.099366066,1.099366066,1.099366066,-46,-33,39
87,dca401120586fbdc551a93fda8cdbfdb66f42bd4,taxi_87,840,3.1,404,463,540,2.498663766,2.498663766,2.49542573,436,377,300
88,8ddc37fe88d7014c0e9975d61b72f7ff29b8f156,taxi_88,600,1.1,223,346,281,1.228104413,1.228104413,1.228104413,377,254,319
89,cf6573ee1c60804fd8c680244453a3ba9a86f67d,taxi_89,660,2,616,653,668,2.395935364,2.395935364,2.429527657,44,7,-8
90,7892a498d1b4ba769a2a781aa4c8a0557512a983,taxi_90,540,1.1,192,164,228,0.980211311,0.980211311,0.980211311,348,376,312
91,70fbc5b83bc4551dc465f237f7fb32708ce30a16,taxi_91,637,2.78,499,561,581,2.409415786,2.409415786,2.372815413,138,76,56
92,f97304d18a10cfac340e215286e84ddec43288e0,taxi_92,420,1.9,344,337,467,2.066382846,2.059714108,2.023113735,76,83,-47
93,0cbca957371b864700fc74932786bf4f41218966,taxi_93,325,0.75,275,274,210,1.221821007,1.221821007,1.221821007,50,51,115
94,da334de1814e69415ab1b5ad29febdad447b861f,taxi_94,231,0.41,97,92,107,0.472063393,0.472063393,0.472063393,134,139,124
95,a4ce04fada1b86c7442f2c5fa42cb4ebdecb3fc7,taxi_95,780,1.4,258,317,202,1.011199503,1.011199503,1.011199503,522,463,578
96,d052924bb388477ff7ce7fbc314d4e7b0fc1cadc,taxi_96,546,1.66,323,303,233,1.47766936,1.47766936,1.447955252,223,243,313
97,203f7a4c26f61e45fc4e586a30ee8eaf278f448c,taxi_97,120,0,170,207,190,0.854164077,0.854164077,0.854164077,-50,-87,-70
98,0c6a2970996f14a99f6208b456ee532d202b2390,taxi_98,465,1.06,226,250,288,0.952610317,0.952610317,0.961765071,239,215,177
99,5c092abd21eb58fd64421cc67a1a02edf3bbc76b,taxi_99,476,0.76,183,247,250,0.929310131,0.929310131,0.929310131,293,229,226
100,46359fd970416a3aec39337fefe488b912d01740,taxi_100,720,0.4,257,251,187,1.086308266,1.086308266,1.073530143,463,469,533
101,6fe4aaeae75d27571005a6bc062120832c49cf96,taxi_101,659,1.76,291,295,316,1.272100684,1.272100684,1.272100684,368,364,343
102,1cbabdde870a1edceb14b85670c05f5568948a27,taxi_102,780,0,477,599,493,2.385214419,2.385214419,2.479216905,303,181,287
103,9cf2bc96c8ade93cf2232d1fb35ee709d0f888ec,taxi_103,478,1.5,332,367,381,1.373101305,1.429807334,1.463927906,146,111,97
104,c76f265ffba939031eddad302a70dbbb7d2e5497,taxi_104,1740,2.11,380,390,416,1.706693599,1.706693599,1.753946551,1360,1350,1324
105,8203739cc4eb9113eada4b3d2622bf976421a4a0,taxi_105,448,1.89,334,409,294,1.563461778,1.563461778,1.563461778,114,39,154
106,37ee988c67d3921293fe757959ef8408bd484181,taxi_106,695,4.8,913,794,1636,4.342473586,4.342473586,4.992336855,-218,-99,-941
107,5840ec32d1e3cf608a391ed89f7453bb0645f697,taxi_107,240,0.5,202,179,259,0.977588564,0.977588564,0.977588564,38,61,-19
108,6958cfbae0d8123b53e04e582a48eb6a39590eb4,taxi_108,360,0.9,184,204,237,1.073766314,1.073766314,1.073766314,176,156,123
109,6d0d87ade8adbe0c467a5b9b6472574fe938b023,taxi_109,381,1.39,145,240,196,0.969919204,0.969919204,0.969919204,236,141,185
110,66c6e1db09a59ef8ecf8dc61f2b9fd792011401c,taxi_110,538,1.48,350,364,361,1.822877564,1.827209447,1.828091983,188,174,177
111,440e5a958760b074deb74b6a7a81a79b35189c5b,taxi_111,1105,3.75,716,615,12089,3.485612181,3.485612181,3.500416408,389,490,-10984
112,9f6e1fe2181a89c08ffb244201229e497ee16ef6,taxi_112,360,0,217,331,250,1.228104413,1.228104413,1.223965196,143,29,110
113,ef708da2daa1405d56e815098c2ac9be9f0f4db1,taxi_113,120,0.7,207,289,273,0.942958359,0.942958359,0.942958359,-87,-169,-153
114,f73f112d95df4ce762a781e2202dd75a88a4c345,taxi_114,840,1.2,154,385,245,1.09387197,1.09387197,1.104344313,686,455,595
115,4dd3325ed658c28b3645eda02aa2b68bb3703d24,taxi_115,80,0.3,132,161,166,0.764170292,0.764170292,0.764170292,-52,-81,-86
116,43ad1fab79348dd91fe6b4216e26fed6f2e279e4,taxi_116,420,1,415,454,535,1.647917961,1.647917961,1.72077688,5,-34,-115
117,63623114929e9d5ba8ca1c42d47034e92da3e51a,taxi_117,720,3.2,360,326,527,3.076712244,3.076712244,3.081547545,360,394,193
118,e811f18fbe1f8089d37abc40e89b3d7397265d30,taxi_118,420,2.1,317,332,380,1.4922312,1.4922312,1.498632691,103,88,40
119,d874d6ecef0c40fd902d1bdcac5ec728574fefd7,taxi_119,660,1.6,337,318,452,1.71466128,1.71466128,1.71466128,323,342,208
120,76895df6ca4578e1f8ba961427f7e349f55e93a7,taxi_120,420,0.7,301,323,393,1.470261032,1.470261032,1.464182722,119,97,27
121,761bb93d2271a94088f492e5117da4bd7d4eed70,taxi_121,600,0.9,246,218,210,0.821180858,0.821180858,0.821180858,354,382,390
122,8d4a4ec6e5c546b68d5afd6172a64b7aca6ca6d6,taxi_122,540,0,791,819,899,5.23928527,5.23928527,5.23928527,-251,-279,-359
123,c01cfa6245293b1fdc679855053c1c0b7fa0f7e8,taxi_123,720,1.9,812,895,925,2.703505283,2.703505283,2.806239901,-92,-175,-205
124,b81343443b0391c0ebb09a54c8c6dca3f8cb0012,taxi_124,566,2.66,561,604,695,3.505071473,3.505071473,3.505071473,5,-38,-129
125,c72b27c1d0648677d6e9c251115cabb8b3f8693d,taxi_125,420,1.1,428,368,446,1.359005594,1.359005594,1.359005594,-8,52,-26
126,308fb780645a5ac7873fc112e2523367ab25b13c,taxi_126,631,2.31,417,375,614,2.291056557,2.108129273,2.321019267,214,256,17
127,7112bbbf10fa0b2a699127e60cf103fb8c8db4b4,taxi_127,518,1.42,412,314,416,1.662660037,1.48159105,1.662660037,106,204,102
128,f0f45bcf600134558b0976da5d5dcd7bee6746b1,taxi_128,300,0,267,315,379,1.692734618,1.692734618,1.692734618,33,-15,-79
129,4aa41f0645152ee0031bb46d4e3c8199e8d8fa6c,taxi_129,600,4.7,713,686,735,4.445320075,4.445320075,4.445320075,-113,-86,-135
130,994e6636b982021529997df738ad2203e44d0950,taxi_130,851,6.35,602,836,565,5.891970168,5.891970168,6.010149161,249,15,286
131,fa31eae411b341e0c444cde82324a5216ce0fd0f,taxi_131,379,0.9,241,258,283,1.117458048,1.117458048,1.117458048,138,121,96
132,07bfb06226828a32dbf4b23b13caa96ee4a2517a,taxi_132,500,1.3,387,476,306,1.747035426,1.766333126,1.748017402,113,24,194
133,56d6022d819d04b5f670beb16e745fe177ee37b9,taxi_133,240,0.5,213,236,228,0.929310131,0.929310131,0.935885643,27,4,12
134,61e34855cfc090ed23877d84c0210399b19527ab,taxi_134,487,2,402,420,551,2.416370416,2.416370416,2.416370416,85,67,-64
135,f7686ac0b0c7d36969c23b7a379c3264cab7351e,taxi_135,360,0,253,328,340,1.234847732,1.234847732,1.234847732,107,32,20
136,7f268749807f0a5f9e38b1d52c5f768f5eb7e24c,taxi_136,480,0.9,160,153,107,0.764170292,0.764170292,0.764170292,320,327,373
137,79cb58d78b6d065afa7b592cf77e7e23c9d4af6b,taxi_137,823,4.83,976,938,534,4.076457427,4.076457427,4.26769422,-153,-115,289
138,ee74bc25582a2b48485ca7b8ea2c7db27181aa84,taxi_138,368,1.67,382,349,555,1.774829086,1.774829086,1.774829086,-14,19,-187
139,728f22873cddf10b7b05638dd36d280040707024,taxi_139,608,1.38,257,329,366,1.417234307,1.417234307,1.417234307,351,279,242
140,5c02c02d8e37cda1430966131eb6730d831577cd,taxi_140,360,1.3,201,313,293,1.228104413,1.228104413,1.223965196,159,47,67
141,e9c3aee0c18a3777eed45caa195171dd473fff0f,taxi_141,198,0.45,176,140,120,0.824362958,0.824362958,0.824362958,22,58,78
142,cc9e18ba1ce1cfb3a0382090d12754b126a62f44,taxi_142,480,0,98,146,157,0.764170292,0.764170292,0.764170292,382,334,323
143,8f83550f47c3ea7edba0874c8e507b03d10a5b42,taxi_143,910,2.87,561,516,626,2.566842759,2.566842759,2.570372902,349,394,284
144,575934bb731ef2fcfd85e342317136c85d4b6c94,taxi_144,493,2.04,523,573,489,2.052684897,2.052684897,2.052684897,-30,-80,4
145,31f6ce5209d56a0cb363c62d635a2b8d6d0d00ce,taxi_145,733,1.74,473,370,532,2.291056557,2.108129273,2.163760099,260,363,201
146,5cc5d3485bf86c7cbf00ecd70bd4f2961313d11b,taxi_146,180,0.4,115,70,121,0.472063393,0.472063393,0.472063393,65,110,59
147,f13cbfbb027d8bc206979a1ab8ef6b2a1995e960,taxi_147,540,0,374,301,381,1.71466128,1.71466128,1.71466128,166,239,159
148,3a1f74bbd19b420d4469b84781c5ecaec84c5ce1,taxi_148,499,1.08,243,245,365,1.183014295,1.183014295,1.183014295,256,254,134
149,9813b20b0ac46fa5e41fd0edb092da6ba5bc50d8,taxi_149,581,1.72,344,440,476,2.059714108,2.059714108,2.023113735,237,141,105
150,2fc2c38e8efe855047ff2def8071e043c7b14892,taxi_150,699,1.5,316,343,211,1.521274083,1.521274083,1.521274083,383,356,488
151,0421026f2bf76df7556bd1e7ea6c0663d361c30e,taxi_151,321,0.73,119,147,151,0.628029832,0.628029832,0.628029832,202,174,170
152,14c39d6954b1e4bd1d38fe6549fc83d2d0e1964b,taxi_152,324,0.89,147,200,177,1.074406464,1.074406464,1.074406464,177,124,147
153,8a5eddb3bb3f9e211d16e19e91c97b2367c983bf,taxi_153,360,0,394,288,336,1.676550653,1.676550653,1.685655687,-34,72,24
154,02474a2f46be2cfc94e4ce081d315038546ec596,taxi_154,475,1.34,392,431,453,2.059714108,2.059714108,2.023113735,83,44,22
155,1ddebf4e6e0d0106f61199f5124dcda3a524f48a,taxi_155,360,0.8,179,143,170,0.980211311,0.980211311,0.995910503,181,217,190
156,023146f8a0541de9893207acbb3fca9a6d6d11b4,taxi_156,260,0.8,147,164,170,0.726072094,0.726072094,0.726072094,113,96,90
157,89f2082f1a08b8c9a54a8ba095f09deba98fed79,taxi_157,411,1.16,215,220,215,0.929310131,0.929310131,0.929310131,196,191,196
158,8671e20e87a36074c43c27d2b22874f9fb7aca00,taxi_158,523,1.55,440,525,411,1.921559975,1.921559975,1.888210068,83,-2,112
159,1d912463a93e66f205e340bd99b1f1b7183d1517,taxi_159,1068,1.46,272,246,269,1.099366066,1.106252331,1.099366066,796,822,799
160,c0db6b80f807936338706caaf504c17178570f0e,taxi_160,1051,4.43,469,645,1421,3.061472965,3.061472965,3.371497825,582,406,-370
161,c5a0670f9a041a4dd85060d4b1c996fe2aeac0ee,taxi_161,848,2.2,520,584,565,2.885587321,2.885587321,2.89225606,328,264,283
162,0a22427d7a05f63b520157fcd54d274a919958dc,taxi_162,1507,1.87,399,467,462,2.07536358,2.07536358,2.07536358,1108,1040,1045
163,a7ec0d98762c10a93853ba5ff39ddd4179009807,taxi_163,613,0.93,104,105,121,0.806538222,0.806538222,0.806538222,509,508,492
164,59e5c0d4e33f1726c2df4e0c45b431634c5d311d,taxi_164,1740,1.9,360,360,381,2.291056557,2.108129273,2.116575513,1380,1380,1359
165,494ab5ac1fff6b6ed711e178d26b7ad618a5f122,taxi_165,300,0,110,111,72,0.631559975,0.631559975,0.631559975,190,189,228
166,b123ac037af88adf8a6e4adb6998c41379fb45e9,taxi_166,441,1,265,360,303,1.712442511,1.712442511,1.715407085,176,81,138
167,09d1bf8b4c8144801fa171f11ee254b69f2e6910,taxi_167,360,1.1,301,299,270,1.662660037,1.48159105,1.469291485,59,61,90
168,c774dca0ffda6d0ba0b3870e1613901b322beff9,taxi_168,396,0.8,174,256,195,0.944592915,0.886662523,0.944592915,222,140,201
169,0d04b18de8162dfc48b73aec403ed1b2be2b3143,taxi_169,727,2.16,339,430,459,2.059714108,2.059714108,2.057085146,388,297,268
170,e9bf9af95205ce52317363cc938b6876f63493db,taxi_170,360,0,415,352,442,1.525003108,1.525003108,1.522374145,-55,8,-82
171,89eb84020e9d8ea0fb9922d5a42f6d0fc91767c3,taxi_171,370,0.5,183,222,262,0.928968303,0.930528278,0.928968303,187,148,108
172,76e511be1beffb4b6e5cfa6800307c179b7a9481,taxi_172,600,1.7,407,462,387,1.991702921,1.991715351,2.064947172,193,138,213
173,5def5380c0b2a1b27fd8d40c02d3b228be9b8bf0,taxi_173,480,0.9,323,263,321,1.240832815,1.252933499,1.233182101,157,217,159
174,f37258c56caa20a4e5e3875b1a1e05954d3d2ed1,taxi_174,480,1.1,304,361,315,1.0723555,1.0723555,1.0723555,176,119,165
175,f72427e7edf010f744028db8267088b5ad4eaf8f,taxi_175,1140,2,336,582,493,1.745643257,1.745643257,1.731895587,804,558,647
176,4cb93ea128f7b26a3da1bf3ae90bc165b7d2e362,taxi_176,420,0.9,326,309,230,1.485978869,1.310267247,1.310267247,94,111,190
177,bd5113ddd9b3a501d7228b65c4a823d54c9130cb,taxi_177,360,1.1,238,282,176,1.011199503,1.011199503,0.978527035,122,78,184
178,98a29ebadc13f89fd9b2557014e8e413f4427ce0,taxi_178,900,2.1,404,534,870,2.35003729,2.35003729,2.448359229,496,366,30
179,4e86f40cd7c2d600e7a8bef0facee73c41fece26,taxi_179,920,3.54,682,786,705,3.847513984,3.847513984,4.010422623,238,134,215
180,d05b02835fc764189a6844958a3c02005d28af43,taxi_180,836,4.44,864,704,2295,3.671988813,3.671988813,3.904810441,-28,132,-1459
181,19daf986c707da8cdb81fda944d5e9506f3a93a8,taxi_181,480,1.4,268,293,246,1.47766936,1.447955252,1.4723555,212,187,234
182,44ef61e3ccb870e8a0c7d6f5c8e811aaf55e646b,taxi_182,600,1.5,144,234,170,0.927339963,0.927339963,0.927339963,456,366,430
183,2189682e96acdd797670539dc6817574fd5bd18f,taxi_183,174,0.35,127,152,96,0.631559975,0.631559975,0.631559975,47,22,78
184,6d3e1a6647d8d87db0f61d62ee8aff4fbd50e9b6,taxi_184,360,0,297,298,342,1.240832815,1.252933499,1.252933499,63,62,18
185,89f25458915e5ff4039111bdb1257e104deabf95,taxi_185,780,2.7,514,664,650,3.091056557,3.091056557,3.18916097,266,116,130
186,469bdac90bfd9139bba1fc7f91f70f209db4c884,taxi_186,503,1,303,312,355,1.654984462,1.665680547,1.665680547,200,191,148
187,a14017a99f0bbdd13bc56ef7d1cce4c969c9e8fe,taxi_187,791,2,401,363,489,2.167762585,2.167762585,2.14006215,390,428,302
188,c886a1491c7d9988b49003fba72d1bf221dd07eb,taxi_188,519,1.38,227,259,379,1.099366066,1.106252331,1.099366066,292,260,140
189,6f34e81fb3dc61b5d2fc0723cc32f37f7f893029,taxi_189,1080,0,901,906,1026,4.946351771,4.946351771,5.138601616,179,174,54
190,f65215610a9512d07163b5de4c590f61a787bedb,taxi_190,1000,1.5,263,282,393,1.346258546,1.283175886,1.346258546,737,718,607
191,4856a700d4dea286d245d6894c3e607550b2c743,taxi_191,540,0.1,440,519,339,1.706693599,1.706693599,1.753946551,100,21,201
192,8d0bca4ae87122561c3792a301b5638400670064,taxi_192,600,0.1,585,586,497,2.533300186,2.533300186,2.727408328,15,14,103
193,2857d1298e78bec1aeb1f594d2481fb1b4c908c4,taxi_193,240,0,323,361,439,1.385736482,1.385736482,1.385736482,-83,-121,-199
194,a4e761f76cb4d47957945c83d4466007ed59e7e1,taxi_194,600,0,296,329,257,1.161286513,1.161286513,1.161286513,304,271,343
195,8ecf7d069677945abb0d1fffee6ab7d129404107,taxi_195,1020,3,542,511,435,3.058023617,3.058023617,3.058017402,478,509,585
196,5835ac9710f01955f2f3fba0ba0153a6cd70858c,taxi_196,540,0.7,165,146,146,0.586444997,0.586444997,0.586444997,375,394,394
197,4d07f74e3a03eb29470e2e17d06c29bf367421a2,taxi_197,960,3.7,461,571,536,2.948744562,2.948744562,3.108682411,499,389,424
198,36e0ae14b4a781700d2dc1425bca3a02b089ca9e,taxi_198,240,0.6,229,276,243,1.011199503,1.011199503,0.987588564,11,-36,-3
199,1ef6f69f1147e516ff45997ef5720315b2985e27,taxi_199,600,1.4,341,358,374,1.827371038,1.79765693,1.774077067,259,242,226
200,4e7c86649eb647cf20b1256f3b1f8785cd520780,taxi_200,300,0.9,248,291,331,1.280671224,1.280671224,1.280671224,52,9,-31
201,40d72332e6a76c1c2056d64c8413e760f6f952d1,taxi_201,758,4.6,469,498,393,3.062877564,2.994742076,3.191037912,289,260,365
202,ef8223f02d08326239797bf82aa61202224d24dd,taxi_202,600,2.1,400,310,521,1.544580485,1.544580485,1.537607209,200,290,79
203,5ba01ef351d2253a4b4f8967423138ac62574db9,taxi_203,420,0,208,227,261,0.980211311,0.980211311,0.980211311,212,193,159
204,c9b0e9a9f3f0eedcf749b5ad4d78011d881308cc,taxi_204,577,1.06,290,317,363,1.419776259,1.419776259,1.504543195,287,260,214
205,e50c6df7f5b2fb1b8eb32c5480c15bb1b6a0bf6c,taxi_205,420,0.9,336,263,277,1.240832815,1.252933499,1.24771908,84,157,143
206,a59d4985f940c6adba1e0be13d77a40ed1eefe63,taxi_206,826,2.12,371,571,532,2.403225606,2.403113735,2.447663145,455,255,294
207,9c68242fe79c625278b2da817cc0b66c774e2005,taxi_207,830,1.91,381,542,349,1.924605345,1.924605345,1.910571784,449,288,481
208,8a2fea7051144e69166c5002999bd9f3e467893a,taxi_208,448,0.73,143,143,143,0.586444997,0.586444997,0.586444997,305,305,305
209,3a627d0b721c36f3d6fcca549a5b0120795c7efe,taxi_209,288,0.8,304,274,272,0.98382225,0.98382225,0.98382225,-16,14,16
210,437f100916ae3669ee60608105602d0ca5a2f335,taxi_210,240,0,287,295,244,1.350863891,1.350863891,1.334052206,-47,-55,-4
211,c886b6daa53de525139cf782e51e1b07c8bbbe93,taxi_211,660,1.8,407,597,470,1.919372281,1.921155998,2.014847732,253,63,190
212,b4fdee5edb8023f2854f15b8f28323d1b789fc51,taxi_212,780,1.2,227,308,283,1.234847732,1.234847732,1.218104413,553,472,497
213,140a40caaaab2ae1fa3606bc290d1ae6ec1a10c0,taxi_213,360,0.8,263,295,209,1.011199503,1.011199503,0.987588564,97,65,151
214,ca568bf70ba564d56fdd82dc37f09821b68fefcc,taxi_214,1578,2.49,535,677,580,2.960261032,2.965829708,2.961373524,1043,901,998
215,156ec4a5d63aeb7195c29694e511ac8531cec60c,taxi_215,960,0.1,342,432,393,1.774829086,1.774829086,1.758085768,618,528,567
216,723bd2c4d47f8afad430322fcc9cc32cd87883af,taxi_216,941,1.07,312,349,404,1.350708515,1.350708515,1.350708515,629,592,537
217,b854d871bb956c3547503e0962808937f9de3f52,taxi_217,282,0.89,316,334,4978,1.982050963,1.982050963,2.052591672,-34,-52,-4696
218,fafd9f5fca8bebaea4af878e845b09a46dd1bcab,taxi_218,480,2.3,545,571,545,2.514543195,2.514543195,2.478079553,-65,-91,-65
219,f6723215d9aad730ddd9f4bddbf6ad915b647b97,taxi_219,1620,4.3,746,951,1501,3.500484773,3.500484773,4.001155998,874,669,119
220,a9daf4a02f8c073e80c266d25ee730ba56f346fe,taxi_220,120,0.9,184,232,266,1.073536358,1.073766314,1.073766314,-64,-112,-146
221,3fc7a77957b769de8629b3ef54ba4494450797ad,taxi_221,371,0.99,177,265,273,0.944748291,0.944748291,0.944748291,194,106,98
222,ade0a7c1373161c657f7b4afc63e9a175b5f351c,taxi_222,360,1,228,298,345,1.234847732,1.234847732,1.234847732,132,62,15
223,8ad1782f0456e9f7ab41286f54d8dd803a4277f4,taxi_223,187,0.36,141,179,179,0.628029832,0.628029832,0.628029832,46,8,8
224,e9f27cadafb0439292363c2ec2375752fc4cab19,taxi_224,818,1.84,449,554,466,1.784909882,1.745643257,1.771926663,369,264,352
225,8b2a2d8e910da0fc0480f8981e8f5a0c4f647b53,taxi_225,438,0.75,204,285,203,1.228104413,1.230379117,1.223965196,234,153,235
226,e6beda1c0a5757de3b48f070172cf0954b6e9037,taxi_226,430,1,306,290,282,1.272100684,1.272100684,1.272100684,124,140,148
227,a0ec47b71f7326f6f92394c7b79dd423c14f92b0,taxi_227,633,1.3,353,308,289,1.521274083,1.521274083,1.513393412,280,325,344
228,8748769f243af4056b5e55fc6d1e51c8219411c6,taxi_228,221,0.56,181,221,196,0.712349285,0.712349285,0.712349285,40,0,25
229,13232eadf31eb40010944ead59e55eb8093da856,taxi_229,431,1.1,302,325,270,1.429123679,1.429123679,1.429123679,129,106,161
230,35e3eaf7663f2fbfa641c70af2fc6f837f244ba1,taxi_230,1109,2.45,492,787,542,3.062877564,2.992224984,3.202212554,617,322,567
231,ab43ea8f0c591d407b8daca95559510c715669fb,taxi_231,710,1.7,315,337,361,1.507824736,1.563642014,1.561963953,395,373,349
232,e196ec1fadddcd653c3b07b20536e04f75243ff9,taxi_232,420,1,222,260,246,0.944748291,0.944748291,0.944748291,198,160,174
233,0785e043f4dfed77a09bb6d902fdf5302007f795,taxi_234,678,2.56,729,667,1159,3.79309509,3.79309509,3.971367309,-51,11,-481
234,bf44b060cf4a834db6a5f8f87e4703d57886b37f,taxi_235,476,1.68,227,270,311,1.221821007,1.221821007,1.221821007,249,206,165
235,5708f7f0ed2fec2d29e84aec23a6ef0945d6a8e5,taxi_236,1145,2.6,471,651,1205,3.01850839,3.01850839,3.013971411,674,494,-60
236,78a05555bff4449018e4b5f6ecde91fce22ce31c,taxi_237,240,0.4,237,225,125,0.762908639,0.762908639,0.762908639,3,15,115
237,99bc26787f29911323a7371f2e6697b7994a9fd2,taxi_238,360,0.3,223,134,203,0.795077688,0.795077688,0.795077688,137,226,157
238,c203d3561c454a1b3a1cf0c0559920dfcc2ef25b,taxi_239,420,0.7,264,260,246,0.98382225,0.98382225,0.98382225,156,160,174
239,21bda8e1fe5e71b20d8072793aba8424ad6c411f,taxi_240,780,2.4,422,447,331,2.498663766,2.498663766,2.601870727,358,333,449
240,ed4d036234ee9222c1af85076d2d2d3b80699dee,taxi_241,384,0.83,248,291,243,0.952610317,0.961765071,0.952610317,136,93,141
241,663c0750d751f46d27502c0c380e7023d75aed4a,taxi_242,248,0.68,136,149,103,0.764170292,0.764170292,0.764170292,112,99,145
242,4c23ec5cf68f0ef4bd8ccb689796274d4be48ab3,taxi_243,600,1.5,388,360,454,1.822877564,1.814760721,1.849633313,212,240,146
243,acbc30d3ea4017e975a19efd873a019633c42d49,taxi_244,433,0.6,101,164,165,0.726072094,0.726072094,0.726072094,332,269,268
244,0596e60894089b2bff134b418f25893322db6e10,taxi_245,461,1.43,559,505,467,2.571715351,2.571715351,2.565842138,-98,-44,-6
245,a7baa6ec141039b9367ebf35d06709d8cf462b15,taxi_246,744,1.12,196,205,205,0.937967682,0.937967682,0.937967682,548,539,539
246,937a85ce48f9b1c048365125718fb9bc026a107a,taxi_247,562,1.65,405,275,551,2.045972654,2.045972654,2.447172157,157,287,11
247,a32e4619a38a07ed73f9726d7da8a149e8895bde,taxi_248,720,2.4,389,303,517,2.123486638,2.123486638,2.158266004,331,417,203
248,a3ba42ceed96ac4983e775f96425a60a948d7cd5,taxi_249,420,0,234,204,240,0.980211311,0.980211311,0.980211311,186,216,180
249,82983384aa20de893bea4d47f84b5d6389ee3427,taxi_250,300,0.58,334,305,299,1.359005594,1.359005594,1.327986327,-34,-5,1
250,6b96e3fa5127c7b61fb22415abe33b3ad3a7bdee,taxi_251,120,0,167,230,298,1.219533872,1.219533872,1.219533872,-47,-110,-178
251,712ef6465c92dd803c171cb0b4c85ed42a7cda50,taxi_252,657,1.75,416,389,440,1.863244251,1.919061529,2.000696085,241,268,217
252,4792862d078df75988d2e40ec2a637a698e982b6,taxi_253,240,0.9,137,194,116,0.821417029,0.821417029,0.821417029,103,46,124
253,d74fbec9e52fe53b709e72eb40442e413252d528,taxi_254,240,0.7,128,145,132,0.764170292,0.764170292,0.764170292,112,95,108
254,d8153e3b5322e7402d9383be34bea9915575880c,taxi_255,240,0,280,233,197,1.47766936,1.447955252,1.447955252,-40,7,43
255,df9b3319dbe65eb727750fe9df38d0379e5823f6,taxi_256,300,0,287,302,280,1.485978869,1.310267247,1.310267247,13,-2,20
256,2536a7e7876de30d7d257e9209dd51e9c150b6a9,taxi_257,660,1.8,284,475,416,1.81848353,1.81848353,1.857557489,376,185,244
257,1bcf5bfc4ca67111c86ef06cacef12c57e46e040,taxi_258,420,1.2,275,315,240,1.086308266,1.086308266,1.086308266,145,105,180
258,ce1b2235cb5f1942b6f4af2c03fc644fdfcd6dc2,taxi_259,540,1.3,361,317,306,1.507824736,1.563642014,1.554592915,179,223,234
259,d7b88d1008471c6260974ac9ffb316f89ea54ac8,taxi_260,660,2.9,654,581,1125,3.533374767,3.533374767,3.491205718,6,79,-465
260,9a2ef0327d12c08bbff8eb52b0178983c4471d97,taxi_261,646,1.48,204,250,239,0.942958359,0.942958359,0.942958359,442,396,407
261,c6c4129b0376252c508ce7eecf0a6cff86e867a2,taxi_262,735,2.16,262,410,346,1.505512741,1.505512741,1.505512741,473,325,389
262,40fadcfb4da42cfc9af79c4ebeca200d56ccdd60,taxi_263,864,3.91,907,818,808,5.259732753,5.259732753,5.256326911,-43,46,56
263,1d0ba4d4beef3306b32428165a6c64cc6618ea9e,taxi_264,360,0.84,344,332,325,1.563461778,1.563461778,1.661031697,16,28,35
264,fffea219a757b262b9f3bf83d0ff0e85c2b997e3,taxi_265,956,3.13,651,615,529,3.176463642,3.176463642,3.176463642,305,341,427
265,336f19e89dd8bf1d73e56e9f00caeef6814a3b26,taxi_266,600,0,330,239,266,1.240832815,1.252933499,1.240832815,270,361,334
266,ab14f44afbb0c2966c01d6c526a5140a48ee6389,taxi_267,297,0.89,160,211,99,0.762908639,0.762908639,0.762908639,137,86,198
267,39c7713cfe4bf0ab857a367184e87a38204fc2b0,taxi_268,1140,2.4,663,621,1334,2.51468614,2.51468614,2.551180858,477,519,-194
268,8e851ea086df6d762cf1af9dd4cd59a863b1610f,taxi_269,351,1.1,138,257,336,1.09387197,1.09387197,1.09387197,213,94,15
269,a2855e9d321ecd4e6f7c2710a40e1ddfb065f2d0,taxi_270,388,0.78,295,279,394,1.565699192,1.565699192,1.657259167,93,109,-6
270,d9827a6127fef510dad4f500b7ea5eaadee13c32,taxi_271,600,1.9,324,402,297,1.505512741,1.505512741,1.505512741,276,198,303
271,8eda85d7797602f9e1620d1effcf11f0edfeebff,taxi_272,720,2.3,560,668,469,2.395935364,2.45685519,2.429527657,160,52,251
272,793ca34ac64d1786aea6df07194ab03d81560d2e,taxi_273,446,1.11,281,307,231,1.228104413,1.223965196,1.223965196,165,139,215
273,49d0d8223b7b3f180307c9da9ef7e3fa3e0cfc6c,taxi_274,420,1.4,450,370,540,2.078806712,2.078806712,2.078806712,-30,50,-120
274,5fca160d6c9e4f836ceef11e58909aef86631ea0,taxi_275,538,1.32,237,317,249,1.011199503,1.011199503,1.011199503,301,221,289
275,d32f1b6983f1d73ff93280f09ba54cb32cdead63,taxi_276,376,0.63,178,171,238,1.072324425,1.072324425,1.072324425,198,205,138
276,6d9cba5afabb877e3749a6e6a553085d3eddfbfc,taxi_277,240,0.3,243,253,209,0.72003729,0.72003729,0.72003729,-3,-13,31
277,ca742a52028bff09cbccea4f7819bf9a0450ff0f,taxi_278,420,0.69,263,281,248,1.376426352,1.376426352,1.376426352,157,139,172
278,610e7e97f34bd66d603ff105753e77b998dbcc5b,taxi_279,425,0.83,198,198,249,0.944592915,0.886662523,0.886662523,227,227,176
279,c3745e56a5b572887dbe7cf32bdb2bff4e584f08,taxi_280,720,2,488,540,484,2.805394655,2.805394655,2.804244873,232,180,236
280,387c6b4a6b08a3f3ab23c63a78e01290d77f24ba,taxi_281,660,1.8,448,473,260,2.499372281,2.499372281,2.65692977,212,187,400
281,58c60887fb8e28c161a88f18781924b9bff0a87e,taxi_283,360,1,234,202,260,0.852038533,0.852038533,0.852038533,126,158,100
282,795f256238cbb5a2967004e5612c66723bef9d53,taxi_284,645,2.27,494,382,1684,1.939931635,1.939931635,1.960459913,151,263,-1039
283,a5d275f6883111690615930c14262de7d17d5f0e,taxi_285,180,0.75,178,200,253,1.004462399,1.004462399,1.004462399,2,-20,-73
284,85e15e0fe13836c321ae6cf5a66b0f0530662824,taxi_286,300,0,156,136,155,1.065898073,1.065898073,1.065898073,144,164,145
285,8d11cdf3febd04b47f9318fe6300cfa8efa4329f,taxi_287,480,1.2,309,310,259,1.240832815,1.252933499,1.252933499,171,170,221
286,de01f03664451f5ecff8756fe6ef0b5a99105859,taxi_288,509,1.13,320,332,326,1.521274083,1.521274083,1.521274083,189,177,183
287,69d0201448aef8bf29b02f7f0682473d5cf0e91b,taxi_289,158,0.35,183,208,131,0.821417029,0.821417029,0.821417029,-25,-50,27
288,61f0a4742d652dd47342c37853c10a7262691a2d,taxi_290,313,1.28,265,237,432,1.170242387,1.201062772,1.086960845,48,76,-119
289,2f91d4934c7c79c845a32cab252fa2cc27d8e4c3,taxi_291,780,2.6,548,563,893,3.178924798,3.136034804,3.153182101,232,217,-113
290,4a180cdf987b900fd053e46e5ab67e246073baf4,taxi_292,489,1.07,299,235,255,1.183014295,1.183014295,1.173492853,190,254,234
291,a43c5593c16e682d9bcdb4f045b9fbd7fe4d27bb,taxi_293,406,1.11,266,254,169,0.942958359,0.942958359,0.942958359,140,152,237
292,618c07ea41b1b89827894bd8a989e691b6037c44,taxi_294,480,0.9,253,295,276,1.492684897,1.492684897,1.683480423,227,185,204
293,242fa2806c0ca921c671f5959b61287303356d01,taxi_295,342,0.83,248,377,237,1.346258546,1.283175886,1.346258546,94,-35,105
294,b3c2b3211c85eca99976473e0877f03001580769,taxi_296,684,2.1,374,302,325,1.785587321,1.785587321,1.799123679,310,382,359
295,bbdcd824e83dd88db69f922935e31c83d27228eb,taxi_297,420,0,287,226,176,1.099366066,1.106252331,1.099366066,133,194,244
296,bc902fd7d628c04b1b4774378cb43f0ad0b4b682,taxi_298,480,0,251,367,308,1.574338098,1.574338098,1.618415165,229,113,172
297,a04d5a3d6a574182d51bebce480689e610ee0b44,taxi_299,529,1.18,200,214,1016,0.928968303,0.917750155,0.930528278,329,315,-487
298,992e9a1cb91e3b725a508a2ffe52e859f020ab83,taxi_300,1020,3.3,277,386,319,1.528875078,1.535276569,1.535276569,743,634,701
299,45173aff238cc824e6f8652c5c3dce8bdd9aa159,taxi_301,790,3.11,602,558,412,2.747022996,2.750298322,2.737886886,188,232,378
300,5010d01c7a6670e75c20a30662d5afc3493a28fd,taxi_302,461,1.22,196,247,219,1.034928527,1.034928527,1.034928527,265,214,242
301,48c7b50834cfde23bffb2498f1779f68804715cb,taxi_303,615,1.48,500,560,794,2.643666874,2.747495339,2.750926041,115,55,-179
302,0e50c90954da9552d2219797ff7325e088106612,taxi_304,578,1.92,244,263,363,1.234847732,1.234847732,1.274580485,334,315,215
303,a186806e061fa22b35f69454f5ce5a4866d6fffb,taxi_305,660,0.1,505,555,546,2.726382846,2.726382846,2.72314481,155,105,114
304,07a438e6fc53df2723ec380882ba076ca79601c7,taxi_306,420,0,255,304,278,1.011199503,1.011199503,1.011199503,165,116,142
305,25bab2f917e92d1e87dc4891b12ab82cfef32a53,taxi_307,983,2.28,682,901,580,3.4584711,3.4584711,3.463573648,301,82,403
306,38eb13f9e48935ba0972aae275207a0c57d80f62,taxi_308,840,1.5,232,261,370,1.234847732,1.234847732,1.260832815,608,579,470
307,9c9708690adf9b3c24dac61e5926a8dc86f8d559,taxi_309,655,1.86,300,350,334,1.911187073,1.911187073,1.911187073,355,305,321
308,52e3758d69821d08c3bd88981695b6c08731cc04,taxi_310,660,0,525,666,435,3.097246737,3.076761964,3.238850218,135,-6,225
309,fe39eafa296c32f0439696de5e42fc5861442ccc,taxi_311,701,1.3,333,323,325,1.521274083,1.521274083,1.521274083,368,378,376
310,b55e776f017eeb9f674980a2840b6ad1fad9329b,taxi_312,718,1.65,345,447,583,2.217296457,2.217296457,2.21771908,373,271,135
311,2fde6dd782f6a7b4bfee997c5eb6a7b654cebb26,taxi_313,1140,2.2,357,517,448,1.745643257,1.745643257,1.731895587,783,623,692
312,98bd8c93ed8b59bb4cff9a568cb55d44fecb83e8,taxi_314,900,2.9,333,480,363,2.499372281,2.499372281,2.65692977,567,420,537
313,056267fd28631bcaaa46b8b44b9b5b02b9f1e241,taxi_315,600,0,200,171,214,1.037464264,1.037464264,1.039794904,400,429,386
314,2a11513c531d7769046b8d3f0194805022c02755,taxi_316,744,3.24,624,610,680,2.895630827,2.895630827,2.895630827,120,134,64
315,723709ee9f7e3bfb287430a5323505989854d6c9,taxi_317,297,0.48,146,119,166,0.832566812,0.832566812,0.832566812,151,178,131
316,74bc0722db8dd27f2b8475dd894dd91455b9b58a,taxi_318,660,0.1,286,322,326,1.779154755,1.779154755,1.77001243,374,338,334
317,d0e06434ab50d4959044fbd69dd8ff2df5a2f51e,taxi_319,300,1,88,165,124,1.065898073,1.065898073,1.065898073,212,135,176
318,bcbec4414076a47799c30acc01a60e47ab49de75,taxi_320,526,1.7,264,343,314,1.4469422,1.4469422,1.303983841,262,183,212
319,a83e6b86af8b6c807ff1f7b285b7554260439195,taxi_321,780,0,519,514,574,3.219105034,3.219105034,3.405164699,261,266,206
320,ab77a9b473f305103328bd04193ca93d248f2f68,taxi_322,360,1.3,240,283,245,1.967464264,1.967464264,1.961659416,120,77,115
321,f20c71dba4cec7d31e0ec666f3d9dcf4254a6907,taxi_323,240,0.8,139,116,157,0.718999378,0.718999378,0.718999378,101,124,83
322,2d231d2e58b5886109f09106e84a24c3b21168b8,taxi_324,480,1.5,331,380,299,1.708365444,1.717029211,1.650435053,149,100,181
323,8340f77c89ef9649a3f59b117a168720d0187bce,taxi_325,453,1.06,207,245,177,1.228104413,1.223965196,1.223965196,246,208,276
324,93343f79bda2d2fc79290c8fb503593a608d50f3,taxi_326,540,2.4,484,442,511,2.409415786,2.416084525,2.372815413,56,98,29
325,2daf71c38187b1beacece6954eaacb35d2f93731,taxi_327,427,1.29,293,441,471,1.696681168,1.696681168,1.696681168,134,-14,-44
326,db258997f366fc46fd86ccfc516cb9cba505dcc8,taxi_328,120,0.3,363,501,353,1.741155998,1.741155998,1.785873213,-243,-381,-233
327,0f08eaf1122be69b1c8ee3058b200f6345cc3bfd,taxi_329,600,2.51,444,517,981,2.493753884,2.493753884,2.534866377,156,83,-381
328,454f538c7be1be52a350f422dd12796e4830f8a7,taxi_330,371,0.85,254,228,481,1.570577999,1.570577999,1.590522063,117,143,-110
329,a99e9169807a01b1ee7c04a6b4fd217b11f392cc,taxi_331,840,5.2,1063,1065,1745,5.546948415,5.613952766,5.709857054,-223,-225,-905
330,b84a75b0ff0286a87dd026ac814ea91e58077d19,taxi_332,249,0.94,149,245,179,0.808353014,0.802653822,0.808353014,100,4,70
331,ae5b00eea50a460347118c7030a5c07bd4f4a26a,taxi_333,987,2.17,674,572,434,2.550528278,2.550528278,2.610155376,313,415,553
332,943e373f15f30ae1085947be453fd8553b3e836a,taxi_334,617,1.87,431,348,314,1.502970789,1.502970789,1.502970789,186,269,303
333,00084b4e944c33730d86cfbd57dfb47d683b47e7,taxi_335,1080,1.5,164,216,175,0.929310131,0.935885643,0.929310131,916,864,905
334,cf60d03697ad9b074ed983ba5c40e724574d46d7,taxi_336,480,1.1,413,266,345,1.525655687,1.472573027,1.43459913,67,214,135
335,d7b1c869f9b1fdc6441c3b8a9229d6aaef74967c,taxi_337,540,1.8,355,454,316,2.094804226,2.085792418,2.094804226,185,86,224
336,1d3f2677ee5453d2077396569ff0a976adfdbe12,taxi_338,180,0.5,85,79,86,0.447830951,0.447830951,0.447830951,95,101,94
337,a772960e1d9c9a87c53abccb400b7912e5ce2e71,taxi_339,360,0,173,234,194,0.929310131,0.935885643,0.929310131,187,126,166
338,3c046ed03c09d0fed28daefe39e21775c65e123b,taxi_340,540,1.5,349,385,555,2.157582349,2.157582349,2.150459913,191,155,-15
339,85da6a9b7806263aa4bb62e23c8519ef1ca8c6cf,taxi_341,684,1.74,576,503,555,2.533300186,2.533300186,2.535879428,108,181,129
340,6aeca9bb5131954ee09aaa50baf05da06408de41,taxi_342,540,1,207,203,297,1.225618397,1.225618397,1.225618397,333,337,243
341,d9a4a28e89f80915b3d9591575a4c87fac553106,taxi_343,300,0.8,248,227,347,1.350863891,1.350863891,1.354418894,52,73,-47
342,1a31a6f0603fab1d56f6818aaad47df0f9395431,taxi_344,480,1.2,201,218,302,1.664207582,1.664207582,1.664207582,279,262,178
343,92580e42bc56c47eacc57217ac2cf83837f91192,taxi_345,780,0,525,734,1035,2.817172157,2.938365444,2.898694842,255,46,-255
344,76dbe2eb9ef7790cf58601b25aacf5e3f2438bbb,taxi_346,300,0,158,226,243,0.928968303,0.917750155,0.928968303,142,74,57
345,6e49bfb5a4a5132950b4753d0ce7189fb6f16496,taxi_347,780,0,821,606,1030,3.303281541,3.303281541,3.52156619,-41,174,-250
346,c90ed0c0fee352aa86ae4572bdbc3e615f9fb161,taxi_348,300,1.7,291,276,226,1.419776259,1.392075823,1.419776259,9,24,74
347,2f2095641a10c7ff9c78a7fca1e52b5c0cca4d3c,taxi_349,240,0.9,333,266,356,1.489751398,1.489751398,1.768545681,-93,-26,-116
348,2848760141dece135ae6423c5f798ef0a80225f2,taxi_350,360,0,443,472,742,2.498663766,2.49542573,2.63463642,-83,-112,-382
349,facd5a1ee3cf3c55326677eb1273be2e1b8b7790,taxi_351,180,0.6,199,182,250,1.037464264,1.037464264,1.037464264,-19,-2,-70
350,43e7fa41703a81e76574207fb4156854a9bd3f76,taxi_352,1030,2,379,488,351,1.647917961,1.656239901,1.708241144,651,542,679
351,6ecff089e0f58178f0a0ed6367f343cbcd695268,taxi_353,1187,5.4,868,903,962,5.028178993,4.583231821,5.144164077,319,284,225
352,02722e3debc1899f7908864f634b570c7350b1f7,taxi_354,240,0.6,193,263,262,1.117899316,1.12075202,1.117899316,47,-23,-22
353,8214c08ded381718c7ad29f3fb2609886e95031b,taxi_355,540,0,271,355,192,1.234847732,1.234847732,1.218104413,269,185,348
354,e3d30aac679376a82b72288225040c582e737d9b,taxi_356,449,0.99,128,155,130,0.821417029,0.821417029,0.821417029,321,294,319
355,f8ef7846b00062731e35db5f2be9ed1dca71abc1,taxi_357,997,2.3,376,636,668,2.590696085,2.599639528,2.927880671,621,361,329
356,06a51eb3864960c1c978b6ebbab54d840811d467,taxi_358,540,1.7,400,438,433,2.078806712,2.078806712,2.144431324,140,102,107
357,ee72e8483268053eef47167d87663d6a347b8110,taxi_359,370,0.66,270,262,436,1.011199503,0.981765071,1.011199503,100,108,-66
358,0c9e43a273afb20b21b26db733f5c4312fc79fe7,taxi_360,300,0,345,324,171,1.234847732,1.274580485,1.218104413,-45,-24,129
359,b4033a6ff93ea57bffd891d04a97075be85a13bd,taxi_361,517,1.3,203,167,107,0.890584214,0.890584214,0.890584214,314,350,410
360,37d17a0bb2393275cd4d48def95b49de4ba6b1fe,taxi_364,480,0,479,467,443,1.822877564,1.833225606,1.820354257,1,13,37
361,ade72aa12edaffb8df470b8325ca5049c80b18f6,taxi_365,219,0.7,171,215,174,0.762908639,0.762908639,0.762908639,48,4,45
362,318e168e8101a2bb7f980fc79129e5f16f826b91,taxi_366,240,0.5,171,161,269,0.74231821,0.74231821,0.689757613,69,79,-29
363,2f7d952ae0bf207e397d6118e2396f7a198019fa,taxi_367,1080,3.4,660,718,877,3.313182101,3.295904288,3.374754506,420,362,203
364,3a539cd79d571e39a652a1e6c79ab6459b457190,taxi_368,963,1.5,409,381,360,1.774375388,1.763157241,1.955071473,554,582,603
365,31cea826319b8ac4f99f18b102be5c9db0a335dc,taxi_369,837,1.64,437,413,496,1.789422001,1.767377253,1.787613424,400,424,341
366,3df48267609956c76e5816c07e77cd02a16c5a4d,taxi_371,300,0.7,265,300,303,1.217818521,1.217818521,1.217818521,35,0,-3
367,64be90b14a306d87a9a7d303d4134f77a605fd62,taxi_372,360,0,182,296,260,0.942958359,0.942958359,0.942958359,178,64,100
368,2213813d2385813d1eec0c05b370217cbb7cc702,taxi_373,673,2.78,576,648,824,2.903076445,2.903076445,3.287246737,97,25,-151
369,d2e730c1f5a6a58fcdf08a1b4efe2af77f2f6b32,taxi_374,818,1.7,417,413,514,1.507824736,1.563642014,1.563642014,401,405,304
370,9a32c800a45037a5c345a8042c52e94027f3b520,taxi_375,181,0.28,160,129,124,0.73844624,0.73844624,0.73844624,21,52,57
371,3cefb4d9bf66f839522f24eaaa40981777f4bcd3,taxi_376,300,0.5,185,214,244,0.974356743,0.975910503,0.974356743,115,86,56
372,cdb3ea6ab44ef3168c0590788700da46897fd6da,taxi_377,480,2.2,532,416,354,2.601920447,2.601920447,2.846333126,-52,64,126
373,cf0a6450a3a865feb0777c1b33195986acaa7223,taxi_378,660,0.1,285,309,245,1.47766936,1.48689248,1.48689248,375,351,415
374,692ed824beefa9231ee1cb781facb464e7081607,taxi_379,418,0.99,249,237,464,1.039782474,1.039782474,1.042057178,169,181,-46
375,383f822c0134b0bcd0a4662a9362cd5e6292c3a6,taxi_380,460,2.9,337,292,322,3.039993785,3.039993785,3.039993785,123,168,138
376,51321f1c2674a9b8bb5dc59960569f0764888dcd,taxi_381,564,1.3,353,366,347,1.785587321,1.785587321,1.799123679,211,198,217
377,e4219580b1c8956a816d63695243971d71e8e333,taxi_382,383,0.62,157,302,225,0.944748291,1.081398384,0.944748291,226,81,158
378,4352554d04ee2f02ddec0849ae6c62a498cb080a,taxi_383,540,1.7,367,428,395,2.499372281,2.499372281,2.650503418,173,112,145
379,db5284384677bca415ea53f4d6a2cea6fe966520,taxi_384,386,0.97,283,251,453,1.011199503,0.978527035,1.011199503,103,135,-67
380,ae62d35fbffcabc761f0f08e61ac4c1e8c19ee77,taxi_385,300,0.6,125,180,188,0.821417029,0.821417029,0.821417029,175,120,112
381,d1592e0cb1108faf3159fa2e2194c4130bc17ac7,taxi_386,392,0.8,336,284,778,1.570577999,1.570577999,1.598017402,56,108,-386
382,8a23b80f04bcfd99c9c10cc5d5d478ddc026837d,taxi_387,420,0.7,419,350,592,1.359005594,1.340459913,1.340783095,1,70,-172
383,2aea491814c0efefd1f9320f22175ac99e7d8afe,taxi_389,136,0.39,186,210,220,1.043430702,1.043430702,1.040385333,-50,-74,-84
384,c047ef2bc805dbcda504218654e0c0318e313224,taxi_390,540,0,307,322,535,1.350708515,1.350708515,1.350708515,233,218,5
385,09adcb97144ce21938992978c69508446c3548ae,taxi_391,1042,3.8,659,773,569,3.437787446,3.437787446,3.583840895,383,269,473
386,350dab892032a883e82f441a252ecb059db92371,taxi_392,540,1.4,497,291,359,1.935637042,1.752094469,1.822479801,43,249,181
387,62302e5b0c02f59435844f2356ecabbab0ddac63,taxi_393,180,0.55,56,159,166,0.628029832,0.628029832,0.628029832,124,21,14
388,a6b9e8b33df6bdf9de02c4e7b3d03dde6e9e69e9,taxi_394,300,0,459,409,301,1.525655687,1.525655687,1.560708515,-159,-109,-1
389,af870e877a33f0f8400466f1e870b06d253642dc,taxi_395,720,0,506,355,434,1.785587321,1.785587321,1.805481666,214,365,286
390,8c4a36a31964af904541d0730361bbaf531f050f,taxi_396,214,0.56,257,260,250,1.664207582,1.664207582,1.660671224,-43,-46,-36
391,62f1f9234f91a81a9c7376f68e94446f65a7210e,taxi_397,300,0,383,289,240,1.217818521,1.217818521,1.217818521,-83,11,60
392,e1ed542d107111e53bc5b68db674548d0d615f5f,taxi_398,855,2.88,734,752,694,3.464300808,3.45992542,3.543996271,121,103,161
393,bec05afd064d450da7a35724d2259fe4e0da5f6b,taxi_399,403,1.06,256,284,588,1.570577999,1.570577999,1.596730889,147,119,-185
394,88c5c75697e1a40e014e727596a56a884393765b,taxi_400,420,0.1,357,330,250,1.662660037,1.48159105,1.469291485,63,90,170
395,5a1e2f3915bd17ef47f3a6032683329e0e6951ff,taxi_401,240,0.6,176,207,184,0.929310131,0.935885643,0.937197017,64,33,56
396,c8b4a8687c7231a70c7b20c8e3e81347c97bbd5e,taxi_402,487,1.09,390,332,364,1.521274083,1.521274083,1.512075823,97,155,123
397,f3efe4747e8ce57a539bec39cffa720bbb42f9d6,taxi_403,323,0.53,277,241,307,1.218918583,1.218918583,1.276706029,46,82,16
398,fbd4025b13469a4aa465e07c2c2ae4210e26373b,taxi_404,413,0.69,410,398,522,1.789422001,1.767377253,1.790534493,3,15,-109
399,3e42cee1dd403a0c3172200fa5f471df49e82611,taxi_405,360,0.8,281,227,238,1.107930392,1.107930392,1.107930392,79,133,122
400,15509d58a15bd78cefb66679ffa1434bb3425cb7,taxi_406,779,2.8,809,691,763,4.135301429,4.135301429,4.264505904,-30,88,16
401,e0d32389fb5ed556262ad489a1d0136b410c1577,taxi_407,1080,2.9,583,588,504,2.805394655,2.805394655,2.80538844,497,492,576
402,34d9862f49c3eb50a9b7e633efd223c0b6635d2a,taxi_408,359,1.32,236,220,285,1.154027346,1.154027346,1.271864512,123,139,74
403,edfd8f311bde5a484cfad3e899855e45d13282b5,taxi_409,360,1.8,370,490,272,3.229477937,3.229477937,2.920615289,-10,-130,88
404,74ec990dc5343bd0827323115204f085b0131019,taxi_410,540,1.2,229,227,255,0.957930392,0.967352393,0.958247359,311,313,285
405,bac5e67a6de24c539ec59b97922886eea6c7db34,taxi_411,701,1.3,467,379,309,1.747035426,1.766333126,1.761963953,234,322,392
406,3b13a880b66a7b86eb376fbdfb6a4daf65d05324,taxi_412,720,1.7,180,165,167,0.741385954,0.741385954,0.741385954,540,555,553
407,dfbd683f9ca716c3002b8ddf0ec699da600c0bdb,taxi_413,644,1.3,361,486,372,2.571715351,2.571715351,2.558862648,283,158,272
408,5df22a19501a18272d72c841a97d39f2abceaeab,taxi_414,247,0.78,210,242,226,1.037464264,1.037464264,1.06614046,37,5,21
409,fb2ea7cb347863c7a6785329d562023148d0d8a0,taxi_415,660,1.9,639,571,713,2.390124301,2.390124301,2.508172778,21,89,-53
410,02c6ca32872bea4dbe1f8b52d69d6451da8c74db,taxi_416,625,1.21,209,298,200,1.228104413,1.223965196,1.230379117,416,327,425
411,7f2c55be82d9e8f2f43240a4f4126e3bdae66505,taxi_417,300,0.6,117,149,169,0.628029832,0.628029832,0.628029832,183,151,131
412,94c0b451f445c4ba7e5415fa386d82624c99cd4e,taxi_418,180,0.7,264,236,381,1.381292728,1.381292728,1.499129894,-84,-56,-201
413,122edd38fb85a6186359cd68117ec532b7340fe8,taxi_419,441,1.13,208,194,291,1.08007458,1.08007458,1.071976383,233,247,150
414,e14d28b46a88670ee78af1ecf9dd191680bb2b07,taxi_420,1020,2.2,412,313,670,1.747035426,1.761963953,1.752597887,608,707,350
415,c246a3547b748d329efc449ad313b6a4e5983cb6,taxi_421,918,2.8,553,604,516,2.747022996,2.750298322,2.939782474,365,314,402
416,b6b377f647899d7bd01a689482929409b8800f3f,taxi_422,1825,2,337,458,463,1.745643257,1.745643257,1.816581728,1488,1367,1362
417,0a727cb1d6945a7a4b7e81f55e4b015673772f73,taxi_423,1354,4,707,612,700,3.782026103,3.782026103,3.969757613,647,742,654
418,1c92fa144b63bdda3b48263e76acf56b96e4f65d,taxi_424,420,1,202,236,230,1.037464264,1.039794904,1.06614046,218,184,190
419,e47a52cde1b745423a124aceca9b46e9307d5270,taxi_425,660,2.6,301,361,348,1.827371038,1.774077067,1.774077067,359,299,312
420,bdeba149837c47fa8d54b8103b82d06041dd8de9,taxi_426,291,0.57,193,285,235,0.944748291,1.081398384,0.944748291,98,6,56
421,2f7da1b38ac57bad4dc21538134dbe01df42beea,taxi_427,396,1.2,259,385,379,1.218918583,1.218918583,1.276706029,137,11,17
422,f8c5fdd53a2979ea57900109906dd4035ef90325,taxi_428,287,0.6,189,118,186,0.764170292,0.764170292,0.764170292,98,169,101
423,4474495ff4985258703df97372c41a6d74f7231b,taxi_429,1320,0.1,472,392,2150,2.43238036,2.43238036,2.452865134,848,928,-830
424,79b5790dd80cc97f197f3ccc5d25ed778c73fd8f,taxi_430,910,2.56,449,325,354,1.774829086,1.774829086,1.775643257,461,585,556
425,e57b597892422c957518e03c6a5f2ec69c48a1cf,taxi_431,569,0.84,304,266,393,1.570577999,1.570577999,1.596811684,265,303,176
426,ab16711f2dff7f0da586f4b403e941952768b992,taxi_432,574,1.67,420,474,313,2.571715351,2.571715351,2.565842138,154,100,261
427,2deaf2d1359500a6ce938d6c3ef2efb0bb9a9b36,taxi_433,120,0,162,131,190,0.74231821,0.74231821,0.74231821,-42,-11,-70
428,a2e61838ea14a451a3d4b8d31789a02e6525665e,taxi_434,480,1,173,228,265,1.117899316,1.12075202,1.130665009,307,252,215
429,1b6a954fbbb890930a630025207efcd7ddda64d0,taxi_435,540,1.4,377,447,540,1.863244251,1.919061529,1.924853947,163,93,0
430,f1b03e11044c27b8b2d5016c291abe69d1b667e4,taxi_436,720,0.1,318,281,416,1.373101305,1.423828465,1.421249223,402,439,304
431,973e5b41b3df120647eb70761b449563e6e92712,taxi_437,856,1.7,482,456,501,1.90531386,1.914568055,1.90531386,374,400,355
432,6dbe976d8966b95eb2af9fcaabaa15f243847e58,taxi_438,240,0.7,226,279,308,1.350863891,1.334052206,1.334052206,14,-39,-68
433,c221741fe843b47dba54be88437a4007820f5943,taxi_439,660,0,238,200,235,1.376426352,1.376426352,1.376426352,422,460,425
434,4f8c864a9294a5b81010a5b863b9b6fdd6a34662,taxi_440,540,1.3,295,406,349,1.346258546,1.469477937,1.346258546,245,134,191
435,3bafc4dad02b384f4a5aef21c1367200136da2f8,taxi_441,840,2.2,500,569,360,2.805394655,2.807725295,2.986681168,340,271,480
436,801457f81258ee254c48a05a382535e4e091ac46,taxi_442,780,1.6,345,346,375,1.647917961,1.688104413,1.687184587,435,434,405
437,a4c2a52036c00ff4a0a69f27a1c591a5c652129f,taxi_443,960,1.2,273,277,294,1.350863891,1.330845245,1.334052206,687,683,666
438,9f9daa05b4b0f8971fb05065c04301eaf21c1790,taxi_444,755,1.22,342,331,352,1.654984462,1.649484152,1.651081417,413,424,403
439,8b600176daaea82f53bd33234b8a66f812de8886,taxi_445,2880,18,360,252,393,1.563461778,1.718850218,1.661031697,2520,2628,2487
440,b433eb4c8e08773b88e0e115c9f01828fcaf7ca9,taxi_446,508,1.28,295,383,1143,1.918334369,1.918334369,1.918185208,213,125,-635
441,79dbb32e3394d75c2fa7fbc0cf5e5ae919f283d5,taxi_447,360,0.6,292,284,549,1.514176507,1.514176507,1.514176507,68,76,-189
442,c1a163092420c10804f03cfd7dadcc79e4eaea35,taxi_448,743,2.12,348,493,634,2.052684897,2.052684897,2.10006215,395,250,109
443,66e29fdb9712a8a1711f162c50b8a2511f386bc1,taxi_449,277,0.62,348,321,573,1.359005594,1.340459913,1.473946551,-71,-44,-296
444,69b7fa59e231eed6caeddfd2c7fc98498283e5b2,taxi_450,343,1.17,123,114,123,0.793517713,0.793517713,0.793517713,220,229,220
445,6e481b41407c0f19794658901dcd426c88e21129,taxi_451,878,1.72,344,401,352,1.924325668,1.924325668,1.924325668,534,477,526
446,3e61a2755ed4e07e5236f74ecdd646f5dcb20d09,taxi_452,371,1,239,217,189,1.011199503,0.981765071,0.981765071,132,154,182
447,087ee438b606d04e8a873424a890b0746f4ef0d0,taxi_453,411,0.49,392,335,553,1.530932256,1.530932256,1.530932256,19,76,-142
448,0d7ff5f3fb58d2e539caae57dc45b7c946896c54,taxi_454,540,1.5,391,436,352,1.785587321,1.785587321,1.819204475,149,104,188
449,a5f898d141ba192f208f8bca2ce72c7ac7558ef2,taxi_455,600,3.9,576,613,1233,4.501970168,4.501970168,4.241379739,24,-13,-633
450,2be6420f61be995ee19d066a6017ad5b795ef44d,taxi_456,903,5.23,637,588,650,3.761615911,4.240528278,4.157252952,266,315,253
451,77d847d8dcee56e9637b6ce8a4503de7db86bce7,taxi_457,932,5.02,703,644,669,4.743026725,4.743026725,4.74007458,229,288,263
452,8d5d0900ad2c65f2ef6970b4812858bc6209678a,taxi_458,720,3,596,667,637,3.313182101,3.295904288,3.516706029,124,53,83
453,4ff13b2cd95d2b2eb526a0c2f577ed8b5af64da3,taxi_459,277,0.84,135,219,180,0.890584214,0.890584214,0.890584214,142,58,97
454,fe255d7e10e30487bed0052eda80b476e50a83ef,taxi_461,818,2.5,486,681,736,2.993436917,2.993436917,3.310957116,332,137,82
455,c2ae4691748273339b6118aff17eb7803d53a2bf,taxi_462,360,0,409,347,335,1.201410814,1.201410814,1.221000622,-49,13,25
456,688baf3bf2455d466e36d9f75e06c844b1fa39bf,taxi_463,840,0,342,264,396,1.373101305,1.423828465,1.421249223,498,576,444
457,a03271d19033e07d7b1c1c0b5c6d83c31a9471de,taxi_464,494,1.42,670,511,511,2.533300186,2.533300186,2.532827843,-176,-17,-17
458,a41596566711f4d56aea53c414c01b43ea2d84c0,taxi_465,314,0.58,189,119,154,0.775537601,0.775537601,0.775537601,125,195,160
459,a7176f22cc715130725a922b37fd46ef2a68a16d,taxi_466,948,1.37,317,273,280,1.60993785,1.66004972,1.668980733,631,675,668
460,3ac9444be24147c8e5bb353ea497a945e69b5093,taxi_467,211,0.6,121,233,212,0.821180858,0.821180858,0.821180858,90,-22,-1
461,cda5a45a70c09c253168e7820922583b3b70b8c9,taxi_468,540,1.7,164,265,202,1.557986327,1.556699814,1.556699814,376,275,338
462,3e80eeb448dbc9d17d7105a1c5b9fb79162ed29a,taxi_469,489,1.42,354,327,412,1.827371038,1.774077067,1.836594158,135,162,77
463,b7311f9d195bd5b45f3bc6fb5b0a11f540c9c40d,taxi_470,846,1.75,184,174,395,1.072324425,1.072324425,1.072324425,662,672,451
464,e4dd26fbf28d0cdc4c9896caed9bf52815ad324e,taxi_471,300,0.9,170,196,226,1.073766314,1.076059664,1.073536358,130,104,74
465,296235d8abde5dddf537e02c3ffb10c41eac9a09,taxi_472,1020,1,176,274,401,0.942958359,0.942958359,0.942958359,844,746,619
466,902692d1de2c4a3fe8613cad86639dadbd7bb830,taxi_473,780,0.9,320,275,376,1.360633934,1.360633934,1.360633934,460,505,404
467,567d24f98696e3cad822df45bff4ce416b478a18,taxi_474,278,0.6,173,141,176,0.821417029,0.821417029,0.821417029,105,137,102
468,90b2d9d2f88d04e26fa2b08a8e5d97acab238492,taxi_475,720,1.6,279,287,321,1.852809198,1.852809198,1.849838409,441,433,399
469,3ff46cfaec398bdf4ce01e3180e6c75cfcdac235,taxi_476,420,0.9,232,241,370,1.264978247,1.264978247,1.264978247,188,179,50
470,cc7bd182c002a1d0088bc98f853abdc3ad5afa94,taxi_477,240,0.8,151,269,170,0.938210068,0.938210068,0.938210068,89,-29,70
471,7128b721611b935484beec3de87d1a1140a2776a,taxi_478,240,0,238,188,226,1.140223741,1.135494096,1.135494096,2,52,14
472,9411b5591abc163426176aa442ac3d4943a3a843,taxi_479,420,0.6,168,236,263,0.930528278,1.104052206,0.917296457,252,184,157
473,237a10a64889050f5e5979ba8cfac7511b701279,taxi_480,540,0,355,370,466,1.346258546,1.469477937,1.346258546,185,170,74
474,5dd76f4f8b81261ef9357425838c78d475ca1f45,taxi_481,630,2.03,513,430,421,1.863244251,1.860770665,1.918943443,117,200,209
475,fc5d7141f81ce440c96522d333484a2e7cb79660,taxi_482,537,0.57,264,241,189,0.937967682,0.937967682,0.937967682,273,296,348
476,c52dd2050729de6dee004ca99527b5e642a6e455,taxi_483,320,0.69,105,118,211,0.628029832,0.628029832,0.628029832,215,202,109
477,7342d29e253ef97b5c89a0e6b047261228643bc4,taxi_484,600,1.2,353,348,408,1.676550653,1.673312617,1.676550653,247,252,192
478,c41c982d844f930ddc05d1578c17ccc02e968cd5,taxi_485,960,0,376,341,400,1.703977626,1.676550653,1.676550653,584,619,560
479,a9b0dfc8b7d9f1db04cea01ea97d1e78af809565,taxi_486,633,1.45,354,560,506,1.763623369,1.839912989,1.796656308,279,73,127
480,59d70af3b71918ea04133b45cb8832179b1698c6,taxi_487,476,1.02,220,254,257,1.219533872,1.219533872,1.220932256,256,222,219
481,e8be10ad8beef895403a196d179681980084779c,taxi_488,600,0.1,417,540,519,2.498663766,2.498663766,2.598732132,183,60,81
482,d3d5daa2c573789ce5a6ec13cb830c56a857f962,taxi_489,127,0.5,153,121,179,0.764170292,0.764170292,0.764170292,-26,6,-52
483,86b3d885572611080de2825ca113698966f37aef,taxi_490,780,2.2,491,467,2856,2.784785581,2.784785581,3.0722312,289,313,-2076
484,89cab0ead360c076f8affae6b9dd663780da38e7,taxi_491,780,1.9,358,365,412,1.822877564,1.833225606,1.817911746,422,415,368
485,aac19c2d4d9226da71e07073ad1bfef800e1fc1f,taxi_492,316,0.84,215,364,282,1.664897452,1.688974518,1.872591672,101,-48,34
486,dfbd2b49f29b46a98a52cf9e749b2b9662cd0fb6,taxi_493,420,1.2,204,222,176,1.221821007,1.221821007,0.911280298,216,198,244
487,c91fff28b7320e9e05c22aebcfdb38e62b62e0b1,taxi_494,660,1.7,305,299,280,1.60993785,1.66004972,1.668980733,355,361,380
488,cc358c4005b05b7582b2792c945400812b36371b,taxi_495,1200,3.3,392,377,626,1.774375388,1.949459291,1.977787446,808,823,574
489,a0c78eb787a39a06107bbeff39d2adfdee561bbd,taxi_496,600,1.3,325,382,556,1.924325668,1.924325668,1.924325668,275,218,44
490,c3f00a5b2351c3b9d6f7da36f72d9eba357d4ce2,taxi_497,660,0,304,298,212,1.234847732,1.234847732,1.215960224,356,362,448
491,7b10e0062c08afea2f55941a94c72346e7309838,taxi_498,480,1.9,388,369,458,2.093648229,2.093648229,2.080372902,92,111,22
492,d53c4794c32d6b5827276dbc921aa617066db9b9,taxi_499,706,0.98,296,303,302,1.521274083,1.521274083,1.521274083,410,403,404
493,b2c419b1d2e62aafbfdfe9b7c4d2a9517c20ee9b,taxi_500,394,1.41,349,261,325,1.514176507,1.514176507,1.411547545,45,133,69
494,afbe1d49c67ab4933b596586aa7f5a7299516757,taxi_501,1020,4.1,727,841,759,3.933293971,3.933293971,4.443387197,293,179,261
495,611ea2eb3a3e96eeb64f09559a65fcf02647ad88,taxi_502,360,0,257,255,288,1.240832815,1.242753263,1.242753263,103,105,72
496,5b3a3bccdd35d230e65b809d6a934f72b8cb851d,taxi_503,660,3.87,136,200,121,0.508154133,0.508154133,0.508154133,524,460,539
497,fe9d4bef49707429bad661c37b68418671fcdf7c,taxi_504,672,1.42,280,341,326,1.234847732,1.234847732,1.215960224,392,331,346
498,6104c4e83da8280a4eb6ccc6210d8d57491b6258,taxi_505,540,0,168,232,321,0.942958359,1.234679925,0.942958359,372,308,219
499,a10bd18521a41e4a1ad68b9a522cd90db74b5607,taxi_506,780,4.3,524,360,404,4.477134866,4.344238658,4.490335612,256,420,376
500,cdb2b41029c66f9dbcc5cf11256046abfdd1ed0d,taxi_507,600,0,191,150,169,0.74231821,0.74231821,0.74231821,409,450,431
501,7cb1dc8d95a50d43d6d12eecf7d6cba5154debe5,taxi_508,871,1.9,144,229,288,1.553349907,1.553349907,1.553349907,727,642,583
502,c61400d8a7e0c25a798a1a846e2aa5e821d29823,taxi_509,754,1.6,381,470,518,1.93697949,1.945301429,2.060285892,373,284,236
503,23e31bdfbd77fd7897152c1c35bb64bd3e024acb,taxi_510,525,1.99,408,505,528,2.35003729,2.526320696,2.693269111,117,20,-3
504,027df287f81f4654f897adbf070441ddf9d872ed,taxi_511,525,0.9,285,317,216,1.485978869,1.310267247,1.310267247,240,208,309
505,b92812d1df74d9fbe3973e3017fe24fad90bcccb,taxi_512,576,1.04,174,246,262,0.944748291,1.081398384,0.944748291,402,330,314
506,7b84fb22ba972d496c430840082c923cb50b91b2,taxi_513,300,0,417,346,1217,2.025761342,2.025761342,2.025761342,-117,-46,-917
507,7d18dcce4b0227cebc86f6df56d4d39dc5743abc,taxi_514,271,0.62,223,250,231,1.228104413,1.223965196,1.230379117,48,21,40
508,456b4b5959969867ceee7444c415d32dad63ffbb,taxi_515,240,0.3,98,143,135,0.73844624,0.73844624,0.73844624,142,97,105
509,9c203f69a5ead9125e7456f02d25536399b70188,taxi_516,1080,0,248,296,317,1.392075823,1.392075823,1.419776259,832,784,763
510,0796307ac7a0fc922e1c81aadfd0418700c771a9,taxi_517,431,1.11,244,227,264,1.282958359,1.282958359,1.282958359,187,204,167
511,0c74fe1e8cd14d61b92fb89e549b1783cc5c92ef,taxi_518,406,1.05,256,334,313,1.234847732,1.234847732,1.307613424,150,72,93
512,b71da52a5bf784855c44f55266753737ea02d8d7,taxi_519,420,1.2,304,546,427,1.745643257,1.821932878,1.778676196,116,-126,-7
513,e3ad97bbd7e6bbe9b0170d1b2787fc84fa1a455f,taxi_520,314,0.93,216,251,300,1.228104413,1.223965196,1.230379117,98,63,14
514,836a7325118bf49a995ca8b6cb03b702c86f6d7b,taxi_521,651,1.24,209,269,276,0.942958359,0.942958359,0.942958359,442,382,375
515,b889a2e555aeb6f10c76468c91e6c80e29c867d3,taxi_522,772,1.71,260,541,354,1.745643257,1.821932878,1.802846489,512,231,418
516,3f22d5442a6cebb43210295c33e437e4a8fbf341,taxi_523,840,1.6,392,331,389,1.747035426,1.7584711,1.761963953,448,509,451
517,f949be71ea73bc558ca064844a6b0b5ac96964f7,taxi_524,376,1.22,256,257,389,1.350708515,1.350708515,1.350708515,120,119,-13
518,0ec2d3d883b28c2ca40d59e8e958ffac6ab11261,taxi_525,555,1.19,215,252,352,1.350863891,1.350863891,1.359303915,340,303,203
519,dcc56c55c6db98f208422113b2ddb940f4af3697,taxi_526,282,0.96,305,300,718,1.570577999,1.570577999,1.908272219,-23,-18,-436
520,9c9fee4bb0c96c5575fcc466264651f9ed63b342,taxi_527,120,0,200,167,275,0.821765071,0.821765071,0.821765071,-80,-47,-155
521,7ed3be670d689844edca016c4f21e17df763f216,taxi_528,374,1.16,504,344,533,1.706693599,1.706693599,1.76230578,-130,30,-159
522,37a1ff33191186f3f1c929b0ac21a363839e6627,taxi_529,840,0.1,564,708,813,3.017526414,3.128303294,3.119086389,276,132,27
523,c236c4bd26b69d97dce290828b670048944dd13a,taxi_530,960,1.7,479,404,484,2.291056557,2.107513984,2.116575513,481,556,476
524,b6a7aa56a306e09a1c509cf7bb8a25fffdba740a,taxi_531,267,0.57,89,114,144,0.58531386,0.58531386,0.58531386,178,153,123
525,7f6e6fa89b3c9e8f1a1d09f03d31978d597ab601,taxi_532,300,0.9,170,246,242,1.073766314,1.073536358,1.073766314,130,54,58
526,cbc3b1cc6a45c54ea4fab0a3912520455d17ae33,taxi_533,420,1.1,399,393,471,1.647917961,1.691342449,1.680950901,21,27,-51
527,186152834b0d355d209ff04b881ead2f5cd003c1,taxi_534,840,2.5,482,471,329,2.498663766,2.498663766,2.608931013,358,369,511
528,5b4dcef13f94ceae6f379a890118ca21c706b727,taxi_535,262,0.83,390,259,314,1.565699192,1.565699192,1.851535115,-128,3,-52
529,b66a3eaf738b2fbdb74c558ae786431ec1f9d268,taxi_536,240,0,291,283,419,1.466326911,1.463325047,1.465133623,-51,-43,-179
530,6cbb2bdd8237ab3bbb0fc412800d5c889f5b17c5,taxi_537,445,1.27,276,410,445,1.474213797,1.474213797,1.474213797,169,35,0
531,e0f02d0d3cb6b8d75f179c03828d6b2324489290,taxi_538,624,1.47,325,250,335,1.350708515,1.350708515,1.350708515,299,374,289
532,9ed81456e13026eab392fda781808bcc94e77843,taxi_539,653,1.76,322,432,382,2.11379739,2.11379739,2.103673089,331,221,271
533,08c0702813959c031eecb87c8654cbbb6061fb57,taxi_540,413,1.14,146,263,216,0.804108142,1.08921069,0.804108142,267,150,197
534,0cfbce052b0818d00a7235f40821d00346b60563,taxi_541,720,2.09,402,336,400,1.991702921,2.103617154,2.093262896,318,384,320
535,ee081c21ce14dc4fbcb54e98fcea9bdd64376a58,taxi_542,300,0.7,250,218,608,1.570577999,1.570577999,1.57383468,50,82,-308
536,c4ecf3f269ddf785df73b6059c07e5fa1ba49db1,taxi_543,540,1.3,271,170,315,1.011199503,0.981765071,0.990161591,269,370,225
537,356d4967f03e3d342e82b80f81744e05e1a6e0c9,taxi_544,316,0.75,191,197,223,0.928968303,0.917296457,0.928968303,125,119,93
538,8f1a4ecc9e81c263088bdaa388f63dc766bc903c,taxi_545,720,0,302,272,272,1.662660037,1.48159105,1.469291485,418,448,448
539,3d812bb56a388e5d2e57d027d7247f1229be16e5,taxi_546,240,0,200,262,190,0.804108142,1.08921069,0.804108142,40,-22,50
540,dbaecdbe085fd888d73ee3a7c4ae11c86a89a706,taxi_547,120,0,162,168,127,0.675407085,0.675407085,0.675407085,-42,-48,-7
541,06ef932b98a77547bf43a19e475c1756e07c05a8,taxi_548,540,1,274,373,259,1.09387197,1.104344313,1.09387197,266,167,281
542,18b6cd740af44713afbf85c431ffa0698a406957,taxi_549,420,0,259,265,233,0.929310131,0.935885643,0.937197017,161,155,187
543,de8bca59c404e264bf992f91c6fabd92fda43de7,taxi_550,300,0,170,229,215,0.928968303,0.917296457,0.928968303,130,71,85
544,a226144ab3aa1464dea7b2177a71fe00c426b844,taxi_551,900,1.7,357,267,271,1.779154755,1.779154755,1.981056557,543,633,629
545,586afba1a0bf1d7231285976fb8536179afec58d,taxi_552,780,1.4,474,330,611,1.991702921,2.103617154,1.991702921,306,450,169
546,c94b4be1a4b5b182cde126b65c58096c5aa4804b,taxi_553,274,0.54,111,70,119,0.502336855,0.511758856,0.502336855,163,204,155
547,3cd3d16b674cd1436d39e0270e0059935c46570d,taxi_554,1001,1.29,397,279,3006,1.671423244,1.671423244,1.668259789,604,722,-2005
548,ffa6f7ddbce93ded4c5228e2a339680c49144e4a,taxi_555,420,1,140,140,131,0.588365444,0.588365444,0.588365444,280,280,289
549,9e393dea7ad4d4cdee2a93d93d4826fcb3773fe9,taxi_556,898,2.1,353,476,427,1.939204475,1.939204475,1.942554382,545,422,471
550,d158985b00cf8afe7083560bacad04f3e229aa17,taxi_557,547,1.47,320,309,388,1.799857054,1.65230578,1.65230578,227,238,159
551,1607c86bfcd653211161eaa69cf59e3f13ca6c32,taxi_558,497,2,381,381,370,1.676550653,1.672579242,1.669341206,116,116,127
552,15fc3a813bb929db3f25233395ce9b0ea176783e,taxi_559,1411,4.38,978,992,1014,4.833828465,4.833828465,4.847911746,433,419,397
553,1f52478b17dd2d8c9242eeb0f3e225a6d6504f8c,taxi_560,679,2.11,568,738,1260,3.198539466,3.250565569,3.2654133,111,-59,-581
554,9b9f5ba4eee1a1536fd901cb2e70af0eecdb89e8,taxi_561,600,1.8,257,265,410,1.60993785,1.66004972,1.621379739,343,335,190
555,e7616d443eee4f37ea90fa0250fd09fa1074979f,taxi_562,633,1.38,413,266,408,1.662660037,1.48159105,1.617128651,220,367,225
556,668d0b86f2c5f40fdc94b652cbe83e6a98823931,taxi_563,900,0,749,772,447,3.437787446,3.437787446,3.585574891,151,128,453
557,dc8525906ce592355a88503fe69761c29b4ae1f7,taxi_564,547,1.31,226,235,194,1.073766314,1.076059664,1.073536358,321,312,353
558,358eeb3a095c17ec207de518f1cc22b5ca6f8138,taxi_565,262,0.38,120,225,180,1.074406464,1.074406464,1.074406464,142,37,82
559,d68fc9c28347569228ce2e9cb090f19fed4424d1,taxi_566,180,0,130,151,157,0.821417029,0.821417029,0.821417029,50,29,23
560,1f84bdc294c26cadc48d5f568a8f29b4e1842f43,taxi_567,812,2.69,346,573,352,2.571715351,2.571715351,2.379303915,466,239,460
561,5e50724275c86c8fa5c6503a45d88ff0117ef484,taxi_568,532,0.85,206,209,254,1.228104413,1.230379117,1.230323182,326,323,278
562,18cdb39a68172f6e1b5f42607b55e9044c02bb77,taxi_569,511,1.3,299,434,535,1.4291734,1.402871349,1.4291734,212,77,-24
563,1f18603f9d6e8da383e2f3a60bfde81460ab53fe,taxi_570,420,1.4,299,303,344,1.458321939,1.458321939,1.508899938,121,117,76
564,55e80fd7c352aa510cf04812a56ee74223a0dc62,taxi_571,360,0,231,340,338,1.498253574,1.493523928,1.498253574,129,20,22
565,45a6d9099767d7076e7d8cf63622de512a672306,taxi_572,508,1.27,252,379,180,1.280671224,1.280671224,1.280671224,256,129,328
566,331035f9894e40c252feb7e52e54866b28ae1835,taxi_573,420,0.9,95,133,130,0.764170292,0.764170292,0.764170292,325,287,290
567,f40f058d5d7224cd9c8454b9e2b8b1d4e9d921f4,taxi_574,600,1.9,388,392,436,2.231945308,2.231945308,2.196519577,212,208,164
568,d288582899d625ba4d1b00df5ee8b51b6c6be23a,taxi_575,399,0.72,278,262,236,1.117899316,1.12075202,1.117899316,121,137,163
569,9c92796fa1e9e573da0911d57ddf4eff0b56cfc0,taxi_576,360,1.1,112,104,126,0.628029832,0.628029832,0.628029832,248,256,234
570,d4446c621cbf5af89beffc49ae749166f6595fef,taxi_577,1140,0.2,572,380,906,4.193238036,4.602566812,4.04007458,568,760,234
571,0409d2a44370903d675be99b680e50ce8fd1a2f1,taxi_578,360,0,207,267,345,1.350863891,1.350863891,1.334052206,153,93,15
572,62cfc614bae94814cfecca4aeb46943b7d557249,taxi_579,71,0.36,206,189,192,0.875643257,0.875643257,0.875643257,-135,-118,-121
573,677ac11f08863189a240e63ee91207b3b5dce09d,taxi_580,274,0.51,413,370,397,1.359005594,1.340459913,1.325655687,-139,-96,-123
574,3a32522e62841dfcfc85b000e50d1077a4e5dcb4,taxi_581,360,1.1,192,258,252,0.944748291,0.944748291,1.081398384,168,102,108
575,a3a15cbbb0b15faef749a6d924aca14d3cbc4c33,taxi_582,341,1.15,204,165,346,1.072324425,1.072324425,1.401765071,137,176,-5
576,375116d95b1d2eae4470bce394dc4f74c1a327c5,taxi_583,270,0.85,202,239,227,1.117458048,1.117458048,1.117458048,68,31,43
577,58b882e77046a6bdc193cb9c9bd77b947a06db92,taxi_584,456,0.67,369,326,354,1.350708515,1.350708515,1.350708515,87,130,102
578,0d4d391ead5ae46e9d5cd0aa79d4f4d328cff87f,taxi_585,584,0.84,190,201,219,1.099366066,1.106252331,1.106252331,394,383,365
579,80357aee6758085ad1591d5d1b19715383689ae9,taxi_586,360,0,180,184,231,1.034928527,1.035624612,1.035624612,180,176,129
580,d029b7f771abc598e5d6b50a2ca523c14cc8e753,taxi_587,660,1.8,338,513,366,1.745643257,1.821932878,1.784909882,322,147,294
581,0b423c7e79ff039eba2089bae1ec1bf914f90ca9,taxi_588,326,0.84,294,271,242,1.485978869,1.310267247,1.310267247,32,55,84
582,49eae3bf0b16b8c63bd16a3191e5a5f35e8c21ad,taxi_589,720,0,371,366,489,1.919372281,2.014847732,1.921155998,349,354,231
583,c7afd988d2e3f8b4cb587cf189bb1f5ddf2a0c2b,taxi_590,387,1.35,224,363,286,1.779154755,1.779154755,1.961155998,163,24,101
584,2078f3cdeec8983654fd91d7fdd1652cf74299f5,taxi_591,686,1.39,257,308,417,1.507824736,1.50535115,1.500397763,429,378,269
585,a44895bead363601b31262a1fd0711b6218d1bcb,taxi_592,454,0.88,302,217,382,1.240832815,1.24771908,1.252933499,152,237,72
586,743782b3a52b016111240bee5ffc331f71717fc1,taxi_593,960,0.1,588,577,763,2.748247359,2.748247359,2.926059664,372,383,197
587,78de58652e3c17914b32fcd5828b02edfacf700c,taxi_594,767,0.83,285,318,306,1.166550653,1.166550653,1.1776445,482,449,461
588,c0b9069fe79171b0919ed1a988faa39720657931,taxi_595,1023,2.83,668,707,837,3.178924798,3.136034804,3.163436917,355,316,186
589,6fb5e4894e426f2f6945abecb6f4a3fdf16afd88,taxi_596,751,1.7,211,286,297,1.60993785,1.66004972,1.66004972,540,465,454
590,37ba8f4cfb4cecd2d9ebf9fd9b85c1c771d72ef7,taxi_597,960,0.1,531,427,673,2.346625233,2.346625233,2.34149161,429,533,287
591,e62f2801bcc0fd52acf9be9ec6101d3e4131c85c,taxi_598,180,0.8,166,191,155,0.854164077,0.854164077,0.854164077,14,-11,25
592,2e0c4bd8b70c3a99e69f16269b7c02f46340190f,taxi_599,960,2.3,372,431,1165,2.131199503,2.226333126,3.067458048,588,529,-205
593,e14f67b3e045ad3b10e24c19f40c3210f16a27f2,taxi_600,420,0,177,250,222,0.944748291,0.944748291,1.081398384,243,170,198
594,dcfd5edcb90623bc41af8b601c21aaf3ab44569c,taxi_601,711,0.56,345,223,213,1.47766936,1.48689248,1.4723555,366,488,498
595,addbc00c9e6c6b7a61b5ea79eaf599651918c13c,taxi_602,1315,2.41,305,487,543,1.939931635,1.939931635,2.603816035,1010,828,772
596,e8ca0c5657173a402c8d3fe32f51f0ea283e46f5,taxi_603,600,0,422,476,495,2.167762585,2.14006215,2.252529521,178,124,105
597,5d20e2fe7bfcbff856cb059d713cd8f8f78c368c,taxi_604,252,0.82,92,176,209,0.764170292,0.764170292,0.764170292,160,76,43
598,8f56e8ae9e12f98b0a4f213b0133e03e0d78c227,taxi_605,600,1.5,296,377,343,1.350708515,1.350708515,1.350708515,304,223,257
599,98f75e6f7b446d35a4636796f77d03c1cb239ddb,taxi_606,780,0,326,374,289,3.213499068,3.213499068,3.213499068,454,406,491
600,c184ced27829636b2481dd7cc5c2429ad1727bf9,taxi_607,1253,3.16,598,703,1025,3.377638285,3.377638285,3.372753263,655,550,228
601,ae6c095fc84c0a609450378cb480b50f4afc32ae,taxi_608,1051,3.43,653,637,846,2.939720323,2.996482287,2.918147918,398,414,205
602,d1d7a4b793a4e5f6bd30ccda218513e912b46141,taxi_609,480,0,257,277,277,1.161286513,1.161286513,1.161286513,223,203,203
603,a1ef092e26e6d75336dd589feca3d0eac0b5fb5c,taxi_610,300,0,285,207,357,1.47766936,1.48689248,1.47766936,15,93,-57
604,6f375e738afeccda231342e80841601a1aea43b0,taxi_611,312,0.74,145,127,161,0.806538222,0.806538222,0.806538222,167,185,151
605,2b75b9979760c05edc8e9015240a0158a3d8b21a,taxi_612,363,0.67,102,222,133,0.716444997,0.716444997,0.588974518,261,141,230
606,99be473db590bcb04d7b3127309a41ab1f4ba3c5,taxi_613,281,0.57,154,219,152,0.999086389,0.999086389,0.999086389,127,62,129
607,c2e3d3dbbf9c2194ec6a0f417223056566c333ed,taxi_614,420,0.9,189,349,340,0.952610317,0.961765071,0.961765071,231,71,80
608,682dd03600d52ab8ba290007377b932a040c17b0,taxi_615,399,0.86,110,155,201,0.628029832,0.628029832,0.628029832,289,244,198
609,0375ceea31319e9882cc6405276ba3871ff2cfb7,taxi_616,604,1.59,321,238,250,1.199397141,1.199397141,1.199397141,283,366,354
610,e6a89e903dff9c72e02983a360adca02066f8260,taxi_617,754,2.08,434,415,582,1.947992542,1.937228092,1.901292728,320,339,172
611,20bf57cd2047ae286f283064738afd1dcf879028,taxi_618,840,0.1,596,523,1145,3.271311374,3.272871349,3.30842138,244,317,-305
612,2b9d1cad6ae19604af85d19780724eab49bcc2ab,taxi_619,240,0.9,100,122,132,0.73844624,0.73844624,0.73844624,140,118,108
613,0511f403016ba72bf1636777a51113311e6f6c92,taxi_620,600,0,203,287,244,1.264978247,1.264978247,1.264978247,397,313,356
614,f81d4d9432ce7a057f1443acc278527d7902f7db,taxi_621,303,0.33,208,183,170,0.854164077,0.854164077,0.854164077,95,120,133
615,adc2d6b7407dc677604105be359103d7ed7526f9,taxi_622,1155,2.63,573,613,726,2.728060907,2.673250466,2.674058421,582,542,429
616,0d7e7a898743389447c2fa967f4a2824e1c6399c,taxi_623,755,1.61,391,473,533,1.745643257,1.784909882,1.811093847,364,282,222
617,b7f81a900d05ee8c5f0e0f63c6f43f1422a133ef,taxi_624,660,0.7,137,114,129,0.508154133,0.508154133,0.508154133,523,546,531
618,512f2c3c46931e72958655f3a07b3be56ccca4f1,taxi_625,360,1.1,175,122,162,0.821417029,0.821417029,0.821417029,185,238,198
619,334dca55404719faba61f0a68852b3778d39e828,taxi_626,300,0.5,370,345,448,1.359005594,1.340459913,1.359005594,-70,-45,-148
620,ec985ab1022a32cb5dc1c1ff11d89f6b3b1d2079,taxi_627,1294,3.3,712,663,750,3.813760099,3.801286513,4.201932878,582,631,544
621,1007870e8516a37551d92e7b05d60e7f4b7d63e7,taxi_628,600,0,263,405,469,1.528875078,1.537812306,1.537812306,337,195,131
622,34b07a95f4fbb0d48990068ce04551cfe69107b6,taxi_629,360,0,228,206,268,1.073766314,1.073536358,1.073536358,132,154,92
623,974ec92c271c29cbb6ae56755f5647186f8bae0c,taxi_630,900,0,515,547,713,2.409415786,2.416084525,2.368800497,385,353,187
624,de3dc23c9349798e5469be93de099ef8bd228c74,taxi_631,508,1.4,247,255,376,1.417234307,1.417234307,1.417557489,261,253,132
625,e3c8089c5e0c52490dda4a12634c000aa9f28405,taxi_632,480,0,300,341,439,1.918334369,1.918334369,2.004723431,180,139,41
626,853bdbd847e62bff8f0eaecc4a1c7e3fc9688f82,taxi_633,583,3.03,668,527,1178,3.051361094,3.051361094,3.042162834,-85,56,-595
627,e3fcea42db952b3c0b1cc405b443ffd4eace46d7,taxi_634,367,1.09,271,304,463,1.388551896,1.388551896,1.388551896,96,63,-96
628,e032838c1fe74e29dc8cb12c9c60cda34c145850,taxi_635,360,0,272,336,427,1.359005594,1.340459913,1.359005594,88,24,-67
629,9ac362db106548a82dc62b8e6eb1b19680b0c81c,taxi_636,637,2.15,316,321,1570,2.083561218,1.880820385,2.539738968,321,316,-933
630,02baf4d3eb2c3718e15a61368c5c517897bdd7a5,taxi_637,216,0.62,124,149,92,0.806538222,0.806538222,0.806538222,92,67,124
631,41d2e550dcfbeb8cba139ff77c77785d36515b6f,taxi_638,720,1.4,308,305,287,1.183014295,1.183014295,1.183014295,412,415,433
632,77df89d244435414134ba19d30be354b30f68c2a,taxi_639,300,0.6,190,235,239,0.944748291,0.944748291,0.944748291,110,65,61
633,3fab3d27a57a57a1db25f0132caecf8f8e2dcd3b,taxi_640,780,1.6,266,342,574,1.60993785,1.621379739,1.625587321,514,438,206
634,e07a4ff43e0d8d751c34485fed83487152dd39d6,taxi_641,540,0,420,392,454,1.938527035,1.938527035,1.938527035,120,148,86
635,afdd1f587d44a7cfaa2acdedb18a40325d5ffb88,taxi_642,660,1.7,437,366,305,1.785587321,1.799123679,1.810615289,223,294,355
636,be83ee53582c0f06564584f4b97fff662715d3b8,taxi_643,660,0.1,350,335,281,1.505512741,1.505512741,1.505512741,310,325,379
637,1bb6eb1715d7168cd547568b7d757dcca8326864,taxi_644,1080,3.3,550,439,389,3.058023617,3.064996892,3.059838409,530,641,691
638,c56c2ae091455835c688823cef16f8695c4c2052,taxi_645,1138,3.71,591,625,743,3.41921069,3.41921069,3.62157862,547,513,395
639,ceed9955f6ec9122c7d7f7b7b26506f3a3a14ef2,taxi_646,360,0,221,213,241,1.228104413,1.230379117,1.230379117,139,147,119
640,340b419bed423616e46a50633beb24b8fdb41df4,taxi_647,220,0.66,243,313,185,1.011199503,0.990161591,1.011199503,-23,-93,35
641,829974bace5006df3e936309af6b35580b4c91df,taxi_648,840,0,482,501,713,2.346625233,2.346625233,2.294804226,358,339,127
642,a57b625c5f0c976d3a24143fefaaca00d8b9afaf,taxi_649,1081,2.8,464,470,642,1.745643257,1.784909882,1.816364201,617,611,439
643,baea405650d46541b1b060d2d7cdaa19d5947668,taxi_650,473,0.75,300,323,328,1.09387197,1.104344313,1.104344313,173,150,145
644,c96a9f2ed6afd6319dbea8b71e53dc532c307964,taxi_651,420,0.8,125,187,180,0.890584214,0.890584214,0.890584214,295,233,240
645,5aa020fa619e21f736b02f3e3f1554b98e65d919,taxi_652,2400,3,701,723,1220,3.909770044,3.909770044,3.924443754,1699,1677,1180
646,75fcb65da145ac4cf157eb7d94ac8dd652420ac5,taxi_653,300,0,381,419,478,1.574338098,1.561808577,1.561808577,-81,-119,-178
647,4b934300a830b25c55b6dd7fc5983f928c1d61d2,taxi_654,300,0.6,181,181,185,0.928968303,0.930528278,0.928968303,119,119,115
648,f193474cf7c6ed45bcef26f304fda02b02819d8a,taxi_655,1685,4.18,693,721,370,3.437787446,3.437787446,3.708924798,992,964,1315
649,909ef962572d508094aae46f5177f349f76c929f,taxi_656,900,0,377,315,485,1.841889372,1.904058421,1.904058421,523,585,415
650,92d340a4b46aee709d2ba79b7dd67e5e75865bc6,taxi_657,986,3.19,459,394,359,2.499372281,2.499372281,2.65686762,527,592,627
651,48554f9bbb6a129e14f629b4628da22da6846d87,taxi_658,540,1.3,223,236,284,1.099366066,1.106252331,1.099366066,317,304,256
652,d712dbe3595a6c370081fbc92550b612c3ae6296,taxi_659,466,1.69,493,650,617,2.119726538,2.121510255,2.174002486,-27,-184,-151
653,b7cc3972afd21f4f409a856af7c08f54bce377fa,taxi_660,1324,1.94,511,574,1107,2.06918583,2.149334991,2.183231821,813,750,217
654,671004badf369e2b6628c9d73c713495f7bd70dd,taxi_661,900,0.2,607,531,621,3.289204475,3.494394034,3.487414543,293,369,279
655,51b53a88ef7061975fc8dddec57a95f421550a6a,taxi_662,432,0.97,160,224,298,0.944748291,0.944748291,0.944748291,272,208,134
656,f6f7f8fe90d3c6972b8ef42d07593e1d91110bd0,taxi_663,540,0.7,85,136,79,0.631559975,0.631559975,0.631559975,455,404,461
657,e7f68f28b39890b6cc54ce517a4b6dd3b325519a,taxi_664,401,1.2,354,375,270,1.676550653,1.677725295,1.691988813,47,26,131
658,f97e1b6a07129ce271387fe6b5a1220758cbc02f,taxi_665,420,1.2,261,287,487,1.474841516,1.474841516,1.471311374,159,133,-67
659,b7584cde9fc2622b449aeb805df494a85fae08c0,taxi_666,440,1.4,355,274,475,1.827371038,1.774077067,1.79765693,85,166,-35
660,1685d8345c1940917e393aa8efea515ba66c6378,taxi_667,432,0.8,164,166,144,0.775537601,0.772299565,0.772299565,268,266,288
661,0cd39e35f6f27ff0b22eaa6c82740ce12a4a1bd9,taxi_668,840,3,167,155,155,0.586444997,0.586444997,0.586444997,673,685,685
662,fdf5ff0825596440e38973c8e3553d39526c457a,taxi_669,720,1.6,496,440,610,1.863244251,1.860770665,1.860770665,224,280,110
663,2860ee4c828c8ccb643f2194e98ff8eb5f8cff71,taxi_670,360,1.2,284,359,299,1.341951523,1.341951523,1.341951523,76,1,61
664,cca76fd5129dc48480cd1bb1e066967978368546,taxi_671,524,1.34,189,155,221,0.875643257,0.875643257,0.875643257,335,369,303
665,cd6cac41c1e9c7db57877cdd4c504d7cefa89f26,taxi_672,210,0.67,259,262,213,1.221821007,1.221821007,0.911280298,-49,-52,-3
666,fb215d2938b127b7a2ed44829b94b8ac237a0cc4,taxi_673,277,0.65,75,92,93,0.390130516,0.390130516,0.390130516,202,185,184
667,60974bf11add8c7d36856f244dd19b958f53650f,taxi_674,354,1.11,366,348,438,1.350708515,1.350708515,1.350708515,-12,6,-84
668,bf6b77f9784f5392f63d7b866056308309a89e98,taxi_675,240,0.5,107,167,86,0.73844624,0.73844624,0.73844624,133,73,154
669,af990e63118e18b5ba6354104879d4b1e1babf21,taxi_676,300,0,186,218,165,1.228104413,1.230379117,1.230379117,114,82,135
670,a758fbe6a838cb6c5d971501b7d22bd89e2d9e19,taxi_677,358,0.6,93,137,174,0.764170292,0.764170292,0.764170292,265,221,184
671,d0170cafd797a475ffe70cc6ccd027e1e59b4620,taxi_678,180,0.5,179,167,214,0.775537601,0.772299565,0.775537601,1,13,-34
672,4cfe58715b9db42531cca3afeba9625310ab07da,taxi_679,300,0.9,218,237,310,1.240832815,1.24771908,1.233182101,82,63,-10
673,6120b04ca6f9794462307a738e98dcc3fbda0e58,taxi_680,651,0.9,238,235,191,0.860329397,0.858116843,0.860329397,413,416,460
674,57536beb0a5b0aef3f16ec7d36735228ca00fab5,taxi_681,672,3.8,581,371,397,3.799558732,4.192523306,4.192523306,91,301,275
675,8e54bb724947bdae7dc92ca8a69dff6f563b0ede,taxi_682,1020,0.1,556,444,574,2.385214419,2.50995028,2.491267868,464,576,446
676,513bdf6723cb7dedbf56f1fb4108731ca18ad702,taxi_683,420,1.2,342,235,260,1.563461778,1.718850218,1.718850218,78,185,160
677,0919df70bed56d46a7e582408a6cd51859c79199,taxi_684,300,0.3,237,165,211,1.011454319,1.011454319,0.94843381,63,135,89
678,35268cb83b956618aa77cad7b936fff3af4dae8c,taxi_685,330,1.1,155,127,164,0.764170292,0.764170292,0.764170292,175,203,166
679,2e42f0e8c543c7925061ec3250d8bfac1303cc43,taxi_686,401,0.5,194,261,245,1.228104413,1.230379117,1.223965196,207,140,156
680,f67005cbea8390042cfd6467acd3804841b61bf9,taxi_687,360,1.1,344,339,372,1.350708515,1.350708515,1.350708515,16,21,-12
681,b661b9459e6c817ee61c8cf2638cc8603832f800,taxi_688,780,0.1,491,483,626,2.346625233,2.346625233,2.337967682,289,297,154
682,1804ac1a79793392d6416d9ba793e1ce51bb32be,taxi_689,420,1.5,359,450,231,1.662660037,1.625525171,1.469291485,61,-30,189
683,3a1956b368f5267abd78f5599f4d9142fbaed740,taxi_690,342,0.93,175,186,190,0.929310131,0.929310131,0.929310131,167,156,152
684,2d3a976ba78e07623a893cc4b0cea56ced1736df,taxi_691,215,0.92,335,384,417,1.202175264,1.202175264,1.224810441,-120,-169,-202
685,d89a83a40a6104122c67649f705a8426b1ab5cd0,taxi_692,1020,0.2,345,364,364,2.499372281,2.499372281,2.63382225,675,656,656
686,21efc86f99f1bacef86baf495e504d0065dea1a2,taxi_693,335,0.72,251,299,366,1.376426352,1.376426352,1.608582971,84,36,-31
687,ec587e36342908c0930a0724d64547598d5b84d4,taxi_694,386,1.2,109,119,120,0.806538222,0.806538222,0.808241144,277,267,266
688,171d1391c0d4c24786b91f35c565a666e7b776d3,taxi_695,1020,2.5,564,487,751,2.732784338,2.840876321,2.902666252,456,533,269
689,90011a27c865288c29c7ac54813b074c1d5f831f,taxi_696,600,1.8,522,558,649,2.06918583,2.149334991,2.136662523,78,42,-49
690,9cb9d7984911069c93bc65af2f4fd5234ef70c4b,taxi_697,739,1.18,208,259,228,1.228104413,1.230379117,1.220559354,531,480,511
691,a8ab6efdb08a526d0064044853b2eac79f0bdc85,taxi_698,488,1.14,249,207,214,1.117899316,1.12075202,1.117899316,239,281,274
692,7238ab93781d00e9a5a9576196a383a6f801764b,taxi_699,293,0.55,143,83,195,0.726047234,0.726047234,0.726047234,150,210,98
693,c3d05e0c9d1b0b588eea254a23ab9df883ff62a9,taxi_700,287,0.88,140,193,147,0.74231821,0.689757613,0.74231821,147,94,140
694,ebbeff0905311ac7df95c9556e784962affaaed4,taxi_701,624,0.1,342,311,426,1.822877564,1.833225606,1.827209447,282,313,198
695,fd105f6303a35f995a70cf58ad1236207a551e0f,taxi_702,660,0.9,209,259,237,1.228104413,1.230379117,1.220559354,451,401,423
696,cdd4c53bb8bba9c058357b5d476b98a71752467a,taxi_703,360,0.9,250,352,172,1.011199503,0.990161591,0.981765071,110,8,188
697,95c99a43c4801dcf12fbdd067ad0d0bdb3189962,taxi_704,916,1.64,368,470,478,1.505512741,1.505512741,1.505512741,548,446,438
698,e6698abbc8a9b10bf2b24fcb7b9f0cafb31bdab0,taxi_705,360,0.9,419,404,294,1.783573648,1.770341827,1.797862026,-59,-44,66
699,69027503ce959bd56fa10a9802ddd2f00aea143c,taxi_706,811,1.54,310,275,279,1.240832815,1.24771908,1.233182101,501,536,532
700,bd40ebbb123995e3155aa5cb21fa2bdfebf1000d,taxi_707,960,3,612,568,749,2.993436917,2.993436917,2.993430702,348,392,211
701,2121e55f8695690a1e91b3d7d294f08c6dc43134,taxi_708,1260,0,521,562,746,2.993436917,2.993436917,2.993430702,739,698,514
702,078464a60b1f7af234f3e3c142555eb3ec3e1692,taxi_709,480,1.2,140,210,160,0.791796147,0.794331883,0.788614046,340,270,320
703,f7db0d1f68fdefdca16b680fcb29a2fed5ebe489,taxi_710,577,1.47,267,351,337,1.676550653,1.677725295,1.690571784,310,226,240
704,b53a43954ed34cd2e1a54dafdd9c65e6f25a1d1d,taxi_711,360,1.5,230,467,535,1.505512741,1.505512741,1.505512741,130,-107,-175
705,566dca9c1b391d97f638bd2ba8cdc39f395fff23,taxi_712,780,1.7,359,377,319,1.647917961,1.696488502,1.639042884,421,403,461
706,9c09978d7a482b88d5237af95508a538729c75ee,taxi_713,358,0.72,131,177,167,0.793517713,0.793517713,0.793517713,227,181,191
707,1b9901c9da645c858c71d207f93d80a54bcffd0b,taxi_714,463,1.31,133,187,249,0.586444997,0.586444997,0.586444997,330,276,214
708,d741f5aa7e61cb26657a217a6e047e8fe8bc8e5b,taxi_715,180,0.3,170,166,145,0.764170292,0.764170292,0.764170292,10,14,35
709,f2b499e006e10488ccad01e3c5abfd7fe0530d71,taxi_716,820,3.6,660,649,834,3.761615911,4.156488502,3.841361094,160,171,-14
710,b29c7313454db47f436a23709b70bc25f7e70a80,taxi_717,853,3,597,693,788,3.437787446,3.435270354,3.583840895,256,160,65
711,27cabcf7e29a0ce003f55806dc9a7a7760720c5b,taxi_718,360,0,240,247,1284,1.075226849,1.075226849,1.121796147,120,113,-924
712,9b964bcf059aacb10186615c8c4aa561a36c2434,taxi_719,470,1.42,450,517,529,2.200565569,2.230223741,2.230223741,20,-47,-59
713,2a25c82d7c51a89bf10f699fa68cdf93f5a0f169,taxi_720,301,0.84,50,101,112,0.354126787,0.354126787,0.354126787,251,200,189
714,520c50ced65cb15d83954753c965cba004292db8,taxi_721,739,1.05,269,386,381,1.708365444,1.717029211,1.717029211,470,353,358
715,36b840a29c0e4836b7630d152c9268495987c840,taxi_722,480,0.8,169,192,160,0.74231821,0.689757613,0.690783095,311,288,320
716,2c6720e5a4c9fdbdd6f8daf9f6c77c7355a89e4f,taxi_723,300,1.5,224,265,392,1.498253574,1.498253574,2.156923555,76,35,-92
717,2f0fe408e5947f581803508064a1ab22ad772e60,taxi_724,581,1.9,327,449,392,1.763623369,1.802889994,1.746426352,254,132,189
718,16670575269a2e067ed4ae9f223583c7ddabf63c,taxi_725,360,1.1,344,418,299,1.525655687,1.521280298,1.560708515,16,-58,61
719,38329f83d81401e92e805af80436ce8a9474cfad,taxi_726,660,3.2,467,514,544,2.543878185,2.543878185,2.717122436,193,146,116
720,a8d3ae90bb967b47f0d5a9a90c6c54eaf35f269c,taxi_727,1200,3.4,506,538,474,2.805394655,2.805394655,3.039683033,694,662,726
721,507444b8b707034d7b08223b2c41c591999b425e,taxi_728,960,2.6,456,539,477,2.805394655,2.805394655,3.039683033,504,421,483
722,c0056476943e93c99072a51195a6d733f5a3d190,taxi_729,780,0.1,360,426,602,1.647917961,1.699738968,1.697165942,420,354,178
723,08a2d035607bfc726f0b2e6e45fca3688d47024b,taxi_730,391,0.91,223,172,112,0.780540709,0.721951523,0.721951523,168,219,279
724,478ed1b07c3b8927faca93accffc63fd141d88ad,taxi_731,347,0.62,103,107,141,0.502336855,0.511758856,0.511758856,244,240,206
725,e4e0557ff97fb3150eadb2102c2f130656376b8a,taxi_732,480,0.9,227,196,184,1.037464264,1.037464264,1.037464264,253,284,296
726,222257243308f19fae1547a77023e11add4000c3,taxi_733,540,1.3,448,323,568,1.785587321,1.799123679,1.799123679,92,217,-28
727,3e34b61c76eef6caae193f3d87b8e1a79f71480c,taxi_734,579,1.82,248,260,268,1.272100684,1.272100684,1.275046613,331,319,311
728,38bacb8d2e21cf211f4670cc5ff8a127077ed45a,taxi_735,852,2.63,391,315,777,2.43457427,2.43457427,3.01004972,461,537,75
729,9ddc3c7bf6f2afbf30a4350c987416ac0663ce8a,taxi_736,660,1.9,530,498,874,2.377103791,2.318924798,2.341559975,130,162,-214
730,970ecb34d68c14f376b2239201e9b1d051119116,taxi_737,260,0.86,128,128,184,0.628029832,0.628029832,0.628029832,132,132,76
731,b637e669e4684ce0e0dc0f8dbcf3939287a3bae3,taxi_738,600,0,436,488,526,2.571715351,2.571715351,2.388893723,164,112,74
732,dafbb1fddd0da8deacdd8d1bb8820ca9c53ebd96,taxi_739,514,1.19,208,270,262,1.228104413,1.230323182,1.223965196,306,244,252
733,d5c912d321dc600cf1a7f34105d06c8093cfcd9a,taxi_740,601,2.68,615,613,1620,2.283325047,2.298340584,3.424027346,-14,-12,-1019
734,9fdc715a0b80c851f0d944c6dbb3a46ea389d40f,taxi_741,395,0.71,223,261,169,0.929310131,0.929310131,0.937197017,172,134,226
735,d86af5574ef1a33dfd7bd81292db2297f6b5a928,taxi_742,900,2.62,370,308,494,2.738794282,2.738794282,2.750571784,530,592,406
736,e044c84a1740e6de067b77516f7a85eceab97e73,taxi_743,494,1.02,177,183,252,0.74231821,0.689757613,0.689757613,317,311,242
737,1eab81ba4b7e02450e88352cf9069d13fc56ad2e,taxi_744,806,2.72,713,538,741,3.189745183,3.189745183,3.228707272,93,268,65
738,803489628a17580ed1f373567dff37f6d9b9dbe2,taxi_746,540,0,262,291,381,1.525003108,1.470192666,1.524953387,278,249,159
739,bcf32c5276d02acbb263dbb7617001840cbb6697,taxi_747,300,0,199,233,208,0.969919204,0.982684897,0.969919204,101,67,92
740,ea9788ae2c1cdf3993bb3c186ce72aca1e91df62,taxi_748,1020,2.2,378,437,514,1.745643257,1.784909882,1.806525792,642,583,506
741,cd76c2ca05a7daa1e1db08d921ae5b9be025f095,taxi_749,272,0.2,199,209,212,0.994083282,0.994083282,0.994083282,73,63,60
742,fa3feda07cbacbf772575ea4f6eb4c46a3003542,taxi_750,540,0,220,281,253,1.282958359,1.282958359,1.282958359,320,259,287
743,86b5f9b84f055d24f50b78ffe601a424db9edff8,taxi_751,480,0,418,342,1538,1.774375388,1.774375388,1.780385333,62,138,-1058
744,3da529b482e4f95e16179ffc1dcfa2be3cb252eb,taxi_752,477,0.97,174,152,190,0.854164077,0.854164077,0.854164077,303,325,287
745,aa2fce20f7134df23f319a88902a1343edf31184,taxi_753,566,1.35,378,452,573,1.919372281,1.920391548,2.254822871,188,114,-7
746,cce620657cc0e7d6e017601c4b66012a5fbdbf00,taxi_754,420,0,104,124,137,1.065898073,1.065898073,1.065898073,316,296,283
747,9a1a00864f8c732e7a843cd1ecc12455e309156d,taxi_755,207,0.7,273,182,1319,1.170242387,1.201068987,1.086960845,-66,25,-1112
748,81fedd57cddd6098ba975d60713a4a1d42047872,taxi_756,768,1.86,423,491,885,2.034704786,2.092436296,2.154555625,345,277,-117
749,397bebe9af150342870d9ab1f521f2ba39caff8f,taxi_757,540,2,661,582,824,2.820397763,2.820397763,2.889397141,-121,-42,-284
750,f4ee5acf55f075611d3c16596444ba346715140e,taxi_758,2381,1.73,352,424,473,2.042834058,1.988023617,2.042784338,2029,1957,1908
751,6ba32218df4f1910e3ddf3bf08e0c61802b60154,taxi_759,660,2.1,388,396,738,1.863244251,1.860770665,1.918769422,272,264,-78
752,9f292655ea7e393b01863884c83eff5d9b2e375f,taxi_760,540,1.4,267,294,359,1.573561218,1.573561218,1.573561218,273,246,181
753,146c69012aa81c6789fdbdf056b7567f60f84148,taxi_761,360,0.6,133,135,140,0.793517713,0.793517713,0.784145432,227,225,220
754,cff4fe740db4b7d1abbcd7b45af5524636f24c69,taxi_762,1080,2,405,403,371,1.747035426,1.766333126,1.763262896,675,677,709
755,328545f379ebe1e1f1b8e53e4769ac35fdbccddd,taxi_763,780,0.1,257,303,488,1.570577999,1.570577999,1.604157862,523,477,292
756,55c23fbca4071a78cbec0044c4a4b6651e6cda29,taxi_764,300,1,248,294,268,1.492684897,1.492684897,1.683480423,52,6,32
757,4f80cc06ce9664c70b79b568283bf475a8f8614f,taxi_765,420,0,399,359,662,2.108129273,2.158309509,2.168266004,21,61,-242
758,c4944b2698b569f78397a5a2353318bfcb1a903b,taxi_766,623,1.89,404,458,433,2.042834058,1.988023617,2.042784338,219,165,190
759,132e13841f03289fd535913ddd42aa09937d84c1,taxi_767,273,0.61,204,165,207,0.675407085,0.675407085,0.675407085,69,108,66
760,294f805568a1b127d392605817c4cdc818d009d4,taxi_768,180,0.5,248,200,282,1.161286513,1.161286513,1.161286513,-68,-20,-102
761,38e2be2e876d52d0177b15cbe44fea63aea0818f,taxi_769,710,1.3,312,461,821,1.93697949,2.060285892,2.055637042,398,249,-111
762,4ba466cc3fc8c967d9c6f7bed602b0180f87eaa0,taxi_770,312,0.69,126,127,173,0.764170292,0.764170292,0.764170292,186,185,139
763,22f424588c5a3c11f970a52c865cd5eccd9372c5,taxi_771,0,0,86,58,83,0.472001243,0.472001243,0.472001243,-86,-58,-83
764,360765e27b5f902e19f2e4808a326d496df413d4,taxi_772,477,1.1,328,333,195,1.50228092,1.50228092,1.515208204,149,144,282
765,9722191d2789e30d97dd2fd2f1bc941504f21eb4,taxi_773,360,1,404,451,431,1.706693599,1.706693599,1.7430578,-44,-91,-71
766,6ecfe0974b593e954af670a7fb2cf4a5dd0e0aec,taxi_774,780,1.4,315,292,464,1.774375388,1.774375388,1.959645743,465,488,316
767,8e8fa508c464a7b4481bff0652d08f4fe8eb3b9c,taxi_775,960,0.1,593,487,887,2.681988813,2.681988813,2.755407085,367,473,73
768,f4e71d2277cee80839ef003123d99d5dde75d1be,taxi_776,420,1.8,251,481,394,1.827371038,1.79765693,1.774077067,169,-61,26
769,b7ccc9fd673b465a30b38ca786c6c579c763267d,taxi_777,600,0,267,451,419,1.525655687,1.521280298,1.43459913,333,149,181
770,70381e27dcc7f7d6e6666613826ac0f5a3d04662,taxi_778,814,1.59,398,476,1025,2.052684897,2.110416408,2.17769422,416,338,-211
771,7b402a427fccde8d13f673bb1529da2cf9e31ca6,taxi_779,673,1.86,424,655,645,2.395935364,2.39695463,2.412125544,249,18,28
772,425b08027509be176f0902c7ccc6af8141fe7ae8,taxi_780,260,0.46,206,311,312,1.086308266,1.086308266,1.086308266,54,-51,-52
773,160e6e2b6018b73c93a9a50bb5b3f9cdc28f349b,taxi_781,858,2.5,799,733,667,3.485612181,3.485618397,3.965618397,59,125,191
774,debd5e0e4db911d4b497431935e5482264d2acb0,taxi_782,416,1.01,219,233,786,1.498253574,1.498253574,1.99457427,197,183,-370
775,486979de7c1c7c45f736a105f40ae8017bb649c4,taxi_783,491,1.92,452,333,504,1.763816035,1.763816035,1.754617775,39,158,-13
776,6130f136f763c04f8ef874e498d7fb0bbbd33fbc,taxi_784,409,1.06,293,461,305,1.234847732,1.215960224,1.215960224,116,-52,104
777,40688ca4ee7d7fbcc147868cea0e0df2d19cde87,taxi_785,887,2.64,681,573,459,2.62314481,2.62314481,2.6808266,206,314,428
778,e35339357bb7c83586793414599206d3b453e283,taxi_786,528,1.39,191,260,906,1.608340584,1.608340584,1.778290864,337,268,-378
779,1391c5bb85c9233e3cd9fa57801fbf755ea28e95,taxi_787,540,1.7,439,495,560,2.292399006,2.387980112,2.392945929,101,45,-20
780,6a981919ef077f61d9f019fcb4a5cccc6c2b5b84,taxi_788,360,1,173,243,294,1.228104413,1.230323182,1.230379117,187,117,66
781,6edd6438a0b893cea0c4e137a0fe7309f3082439,taxi_789,540,1.6,491,333,413,1.822877564,1.817911746,1.849689248,49,207,127
782,21cb860286b587646c14a1936b14972dd7844db7,taxi_790,586,1.73,316,527,392,1.74692977,1.766333126,1.85071473,270,59,194
783,8c0ca094645495cb6d43c2f4a81bcded9560669c,taxi_791,720,0,728,630,1038,3.009527657,3.009527657,3.04765693,-8,90,-318
784,16ee1b127d6e03a98b8aedd0778a50500046af20,taxi_792,1080,0,519,735,849,5.230944686,5.230944686,5.066706029,561,345,231
